1.671116323481999899e+01 9.725834197486955546e+00 1.397291817855204954e+01 1.405612461255983092e+01 1.240757146195214311e+01 3.173750472637125242e+01 2.050716689035169438e+01 1.123651502245322753e+01 1.928281700703853474e+01 1.976096417656482984e+01
1.312615668925833745e+01 1.951744347903863286e+01 1.313236643903805856e+01 1.061518892608767750e+01 1.997343346174784529e+01 1.864297389330923593e+01 2.660862157897212299e+01 4.411953401262449148e+01 6.625194255273991928e+01 7.083244924439547674e+01
7.314103537328169757e+00 5.828237178466073587e+00 1.279055719808134128e+01 6.065045017733362798e+00 1.040104523339766374e+01 1.021154363610784976e+01 1.042814426437771047e+01 6.745251944668992472e+00 7.033245875406515246e+00 6.600032403978884687e+00
1.376880699449125700e+01 7.970632818138380316e+00 1.729652656532022093e+01 2.147849521382024562e+01 2.752439960333776270e+01 1.275819955882327505e+01 1.095216422657727762e+01 1.291137494888580406e+01 1.295016864904788711e+01 1.100501733202973931e+01
3.522214646567514151e+00 1.396698107089119034e+01 1.527839071627229295e+01 5.173987315406122001e+00 3.325709495730494680e+00 4.251654441490709146e+00 5.863416191897569796e+00 2.078106931121228129e+01 2.444267665836374093e+01 2.204811891584870409e+01
7.691531421631362164e+00 9.612422673554023689e+00 1.377007803731155278e+01 1.842745049480655695e+01 8.514042168467939931e+00 8.113350795338611476e+00 2.139855799239205325e+01 2.898554349930250496e+01 4.488236415641772936e+01 6.808548719290064355e+01
5.991162301564809667e+00 1.134975007755951459e+01 2.146178529628272713e+01 2.109448162249334402e+01 1.473908082810439879e+01 1.600902283612835220e+01 9.796789056908885129e+00 1.160908595718556668e+01 2.346169718488330247e+01 1.926372529873086847e+01
1.829084954939225938e+01 1.323969594266674044e+01 1.682055974848373481e+01 2.026241920374619454e+01 2.040930248776724198e+01 1.499106664339231365e+01 1.356317061737631846e+01 1.419865668788045454e+01 2.200041994868763240e+01 2.012424685755335929e+01
5.424482199407981042e+00 2.089890195064195666e+01 1.432135680466486427e+01 1.508318838145508245e+01 8.550508507223813837e+00 7.673743411420741900e+00 1.394945792227826331e+01 9.686955469774122918e+00 2.513919019273877353e+01 1.961360115525941694e+01
6.172776852184398422e+00 8.089502978387814736e+00 2.431534832310603633e+00 5.513310220565330155e+00 1.549319553980636321e+01 1.661950918886185491e+01 2.060168936726846667e+01 2.564864194770041550e+01 1.339386372421599170e+01 1.929770829918526331e+01
1.313251963575588199e+01 7.595206516076317804e+00 7.632807370073082076e+00 1.959422476927216650e+01 1.604701321471944908e+01 1.254809174876698741e+01 1.351345220939733416e+01 1.393813634583771233e+01 2.213199422933005778e+01 1.601666780277446023e+01
4.629548950524545958e+00 2.639253438770480642e+01 3.606818680323439441e+00 6.304408388149830955e+00 8.326356650303882390e+00 4.093553872725724574e+00 6.164049494705719390e+00 1.249663147120664597e+01 1.298680283533198754e+01 3.683252268120118345e+01
2.408016995646122815e+00 9.511926782138925063e+00 6.678758842493011549e+00 1.046542636789889080e+01 5.696339438535032329e+00 6.091965212493620996e+00 8.738938576904775601e+00 1.480614851071401361e+01 1.183825341360759076e+01 1.709212092130208305e+01
1.259304014062188770e+01 1.445310057113110958e+01 1.111793487526684743e+01 1.013585809538076532e+01 1.549104560608807368e+01 1.922255173742761514e+01 1.612553953803818274e+01 1.974026139882785813e+01 2.128779222389534809e+01 3.120261605044257180e+01
6.556436569075540177e+00 1.749717389601678974e+01 1.476289688528191668e+01 1.789994280843105301e+01 1.183623102783727532e+01 1.625130996845045672e+01 2.191600232451387953e+01 3.612320918025710625e+01 5.063001555415667099e+01 6.950626813402530502e+01
2.854094192303339383e+00 1.669953361431215200e+01 9.737742047016183733e+00 1.223299283768590051e+01 1.306228637696595918e+01 1.803117705750612743e+01 1.095071390779430764e+01 1.582644951876492456e+01 3.242150604718128193e+01 3.938965142862154778e+01
1.120826636158223977e+01 1.023289992430110473e+01 9.657270525460916133e+00 2.304190218955059422e+01 1.474298969909589552e+01 1.076197733677082979e+01 5.488567334372134177e+00 8.347953526556226578e+00 1.012890156420950660e+01 1.577775554060988306e+01
8.111564365805334020e+00 8.612310992330302284e+00 8.693936731211124425e+00 1.354476469606692390e+01 1.594844628940802167e+01 1.152410716154228787e+01 8.719016166876457419e+00 1.588761822747082419e+01 3.346262644777198858e+01 4.469075482549818901e+01
2.283824904835427994e+00 8.597151303622418084e+00 1.366358468073624977e+01 1.049369511805019428e+01 1.206416775436356659e+01 1.132751109227855757e+01 1.784567056503603055e+01 1.137071632539379173e+01 1.654922185950516678e+01 1.937654306357344325e+01
6.522266084852658352e+00 1.272543786366393803e+01 9.299912017460638225e+00 9.819036075516581974e+00 9.408256839909912017e+00 9.530789381640609292e+00 9.277281731597621928e+00 1.334082667779733100e+01 1.652377670637364915e+01 3.560683441015156347e+01
1.450140240015184290e+01 1.082780597805711942e+01 9.673277435275846159e+00 2.506600856516341835e+01 2.254659611803924690e+01 2.230722454460820714e+01 3.334971674320026835e+01 3.046525840909195892e+01 2.792925528003284796e+01 3.801815408882416136e+01
5.926198220324133459e+00 6.487117033174457958e+01 1.999674692810607368e+01 1.968812504027700783e+01 1.683261272060621394e+01 8.756004098113644218e+00 3.341280373059210262e+01 1.249142166199808379e+01 1.080127872055121330e+01 1.122511224524627593e+01
9.952994241382640439e+00 8.739897550306649165e+00 1.035480047246973001e+01 1.806197939053320312e+01 2.581831544589888594e+01 1.572495613777908829e+01 1.825680069628969093e+01 2.289338559679231366e+01 3.821723430594518334e+01 4.060662704379470256e+01
5.626610556811525043e+01 6.019827846297751250e+00 2.531359346585356818e+01 2.023400042779627483e+01 1.993615977103017300e+01 2.435742758256493090e+01 2.047519865394744798e+01 1.787555160682587996e+01 2.307364580068925619e+01 2.418375092850667940e+01
8.622908001318899451e+00 1.079329792530198162e+01 9.415467770474775122e+00 1.289502236135767355e+01 1.349011736032354136e+01 1.049122506066579597e+01 1.576677032356165498e+01 1.329138578227353662e+01 1.160385797568452837e+01 8.283849601419488451e+00
1.007313366156686740e+01 1.000092069425500263e+01 6.206947251155946255e+00 4.206236330581840654e+00 8.022612313224868785e+00 8.292782250063272187e+00 3.103661048925741639e+01 1.999329559325898842e+01 7.772380261117968203e+00 2.485917182058648578e+01
7.305989130564720213e+00 6.970026319334259313e+00 1.321370087995435938e+01 1.211504958723916303e+01 3.614276446583120617e+01 4.929764507272362550e+01 3.414308148981154289e+01 3.524545232591842137e+01 4.215106157203720727e+01 4.039747422914006592e+01
9.068246635563477653e+00 1.503320161945842237e+01 3.502317821202090187e+01 3.209391816560098931e+01 2.036934045815420191e+01 1.727808693584302091e+01 1.280440566010099701e+01 1.117120904717548413e+01 5.967604677829193349e+00 1.275827842013100444e+01
5.974918712541938959e+00 1.216296330058416686e+01 5.118022775604568153e+01 5.299281022789650564e+01 5.868671248561101805e+01 5.820347609245892784e+01 6.474279443149507074e+01 6.913485490755198271e+01 5.900103873218726847e+01 7.172660064878402864e+01
1.017249993978580846e+01 2.168077116260515425e+01 1.650072512391605173e+01 1.058977810708062073e+01 1.791880494165855708e+01 2.971303734793963258e+01 2.241656844106852375e+01 2.187352727895373050e+01 2.637176389082507555e+01 3.880577109010963710e+01
6.559412283421036882e+00 1.302880253888490891e+01 1.599745589589208095e+01 2.707876086896921919e+01 2.726019569365493567e+01 2.422463321293792404e+01 3.158323065290208476e+01 4.102183224589789035e+01 4.131740142148304784e+01 4.625450083857505490e+01
5.100445092218523158e+00 1.257170199582639469e+01 4.298514485896419046e+01 3.333026005502915723e+01 2.151214721189815648e+01 1.949963186260075076e+01 2.116389569544331906e+01 3.284028130549186386e+01 2.980533541557108634e+01 4.014263787954132567e+01
1.063956122288298012e+01 5.316830982010998241e+00 1.481328901529196251e+01 1.059971469758423268e+01 1.393516027363013343e+01 1.022732279136690359e+01 1.266902395616152610e+01 9.390456081768594032e+00 1.370558777527308969e+01 1.290117672918248637e+01
7.641133357185454500e+00 5.565118493272404265e+00 1.075664329154037269e+01 5.970928905857146418e+00 1.506363553300439762e+01 5.744928814540317674e+00 3.432712082142548748e+00 1.171126245719054282e+01 1.240814972883589462e+01 3.013195006544329146e+01
1.727389751026122511e+01 8.882560086800962651e+00 7.892597904039129197e+00 9.115599610918481588e+00 1.471404832701715826e+01 2.181800598813342162e+01 1.222226095980597549e+01 1.298006046934150426e+01 4.685906655948242872e+01 3.355713294197344965e+01
7.410173110779473049e+00 2.347643820137795156e+00 1.398961663315378878e+01 2.061045066701481332e+01 2.638831680003779567e+01 4.837014456523975525e+01 3.587415270001358181e+01 2.943551106053849153e+01 3.079927316248808111e+01 3.169312549221805853e+01
5.249381801926060298e+00 3.618330855675210067e+00 1.501490056801449491e+01 8.271281805262969300e+00 8.194017282115769518e+00 1.691011018251325027e+01 2.720446151447423944e+01 1.551544735203392023e+01 3.931536139102450278e+01 3.509782691135904287e+01
1.128834893274243534e+01 9.414346113035779950e+00 1.873809574503378883e+01 1.963483789486618036e+01 1.519217271863113972e+01 2.174791823582583561e+01 1.399667463296645309e+01 1.386399476061931679e+01 1.407533097640162900e+01 1.293471793468006936e+01
7.314603477794545228e+00 9.041249993211785352e+00 8.177557335016381046e+00 7.565401501785355087e+00 2.116228550478399306e+00 1.211556577842416793e+01 1.070826042620551632e+01 7.391646320709832629e+00 5.936411740684943261e+00 5.196651590526432329e+00
