1.670652373637629395e+01 9.669039114004304381e+00 1.385260076189117306e+01 1.391175214089670931e+01 1.233185993510814349e+01 3.170016571274441475e+01 2.049740115692496545e+01 1.123527981893864691e+01 1.928281644851821142e+01 1.976086267127171325e+01
1.311548698835063576e+01 1.949615372726939100e+01 1.312013158986323447e+01 1.059479751012116822e+01 1.994506083748380476e+01 1.855356798868862356e+01 2.651846778129917581e+01 4.404171194830632885e+01 6.619546317736431718e+01 7.080797672031383172e+01
7.253019091379712791e+00 5.764993706419415886e+00 1.272795432057941234e+01 5.969478542755293660e+00 1.030200758304272668e+01 1.014788340343194406e+01 1.035197603209332229e+01 6.684452901883053855e+00 7.014869245963659239e+00 6.599761292276387969e+00
1.298571577242437236e+01 7.860476088774592363e+00 1.723229783411778371e+01 2.141949974550355407e+01 2.746166273846780470e+01 1.271581248946600162e+01 1.090869247757712657e+01 1.287104470264524814e+01 1.289710053160881031e+01 1.092219333283332361e+01
3.439222309146820589e+00 1.391404523404970561e+01 1.523620699108175458e+01 5.164699348080922903e+00 3.324850232245605053e+00 4.251599424829906937e+00 5.861992938911096296e+00 2.078035738241384323e+01 2.444254009959372809e+01 2.204672904881702422e+01
7.406321378120141574e+00 9.612090980736109458e+00 1.357697282449073839e+01 1.823906077020611605e+01 8.342463214014390616e+00 7.958682482626150190e+00 2.122195673914172076e+01 2.879921794428697623e+01 4.466112287573242412e+01 6.778041717900903507e+01
5.991116687365657612e+00 1.122717493337041361e+01 2.145579076928557782e+01 2.109361621337892245e+01 1.473686902762826456e+01 1.600617004493232187e+01 9.786152548251916272e+00 1.159905716831844202e+01 2.346142567568925230e+01 1.926355866377660675e+01
1.822392098775931046e+01 1.311835873997794444e+01 1.658878448592143329e+01 1.992500988044019294e+01 2.006231202275538550e+01 1.466973581720010777e+01 1.330079934714901668e+01 1.403436031668191397e+01 2.196597044026741941e+01 2.012289458534057829e+01
5.373830170071800971e+00 2.085211926050752851e+01 1.431311327259106037e+01 1.508225108079421695e+01 8.544627808358335130e+00 7.669303367123685433e+00 1.394635000679333459e+01 9.681285212374554305e+00 2.513911377616897624e+01 1.960852677276412592e+01
5.588957970890995774e+00 8.075602359251105256e+00 2.431405624092362938e+00 5.513033602944376277e+00 1.549109727794587243e+01 1.660946708093669599e+01 2.059868799526879357e+01 2.564011889936327293e+01 1.339072671910122914e+01 1.929768839893461774e+01
1.308933337219476023e+01 7.575209856935711805e+00 7.627146241540906146e+00 1.958607663533952348e+01 1.603847329408737110e+01 1.253390165019970048e+01 1.349917333336413705e+01 1.390446048715088878e+01 2.210089117723774521e+01 1.599690931381038084e+01
4.623935354462931357e+00 2.636358502592226216e+01 3.601956773338617968e+00 6.304170077071502121e+00 8.324058830558321631e+00 4.086189569246045039e+00 6.146470262089728465e+00 1.245898503412056080e+01 1.296707461230073477e+01 3.682438667871819860e+01
2.406189839491126747e+00 9.449308279647590680e+00 6.664231705460370137e+00 1.046466074767611154e+01 5.695531668651451440e+00 6.090637564089197653e+00 8.735825530098974667e+00 1.480535901350443773e+01 1.183818876743586834e+01 1.708800539123547324e+01
1.259224375347188207e+01 1.444110437396252067e+01 1.099982191475009330e+01 1.001441288493158943e+01 1.535304086820749703e+01 1.908830348633548368e+01 1.605332735096372332e+01 1.963164816098622723e+01 2.115155699569764280e+01 3.102913921124897101e+01
6.480162593990426600e+00 1.749547108644362936e+01 1.475626139140991810e+01 1.787626466372369549e+01 1.180122320041014206e+01 1.618040806527802289e+01 2.183308895141665928e+01 3.603159858448773178e+01 5.059017430251909531e+01 6.949844762281070132e+01
2.778030953072340825e+00 1.669694338277496826e+01 9.611520089014183199e+00 1.213621424118870884e+01 1.298397689339928363e+01 1.796503567819421932e+01 1.087887344338880879e+01 1.577328723530333221e+01 3.237099309832718319e+01 3.932138908327392812e+01
1.113006294489230008e+01 1.023264264062080287e+01 9.563302405919511529e+00 2.296719234428407574e+01 1.469793278755388855e+01 1.074299726300540136e+01 5.470130926540447192e+00 8.339918175132044809e+00 1.012572925932909662e+01 1.577054605644000240e+01
8.069074730650116933e+00 8.600191844996498247e+00 8.639051390696721455e+00 1.347650271714959125e+01 1.586805917558953283e+01 1.147078760714429535e+01 8.707524042844736911e+00 1.588378217438365247e+01 3.346125445252474151e+01 4.468647217510791592e+01
2.217948038063940253e+00 8.596764559125162464e+00 1.359036825809320348e+01 1.042697220519839441e+01 1.201044518660558147e+01 1.130973839077047316e+01 1.784367867828536092e+01 1.136970989027503620e+01 1.654899220630399270e+01 1.937409341535980900e+01
6.468209299880405716e+00 1.270053242206942912e+01 9.191402861901460497e+00 9.726532871902938027e+00 9.316993697632296900e+00 9.426640671750677214e+00 9.192196153919478974e+00 1.325112508763608687e+01 1.641986630536654346e+01 3.540471910114387555e+01
1.441299148397083840e+01 1.064257454023073279e+01 9.640706257899029907e+00 2.502435390167769569e+01 2.249354269229222680e+01 2.225097717317023438e+01 3.331515229424262259e+01 3.044948926184806126e+01 2.791832150267961410e+01 3.801797343964721421e+01
5.536920233408158865e+00 6.484605954214302415e+01 1.997989252507125002e+01 1.967171921841185522e+01 1.681514448414655760e+01 8.750715867938803072e+00 3.340898476601416434e+01 1.249001031572707632e+01 1.079438488635762816e+01 1.119893904130269391e+01
9.853882065054474282e+00 8.701657938038419360e+00 1.033475554535699459e+01 1.803890990110384251e+01 2.576129630530367010e+01 1.570419016956608438e+01 1.823920689521178673e+01 2.286960886651561253e+01 3.817086184733977916e+01 4.051957981236714801e+01
5.227266440066684794e+01 6.014590799483196193e+00 2.527075366253420796e+01 2.019291159546317971e+01 1.984194746353794869e+01 2.425501499284460039e+01 2.032916550923759758e+01 1.771587091752410004e+01 2.284368616408280417e+01 2.385898993769438903e+01
8.581976583271238468e+00 1.078530232048865578e+01 9.413304654909097735e+00 1.289494508815616314e+01 1.348789997366658966e+01 1.048823679414401688e+01 1.576570224132678710e+01 1.328989263567893175e+01 1.160385783309566676e+01 8.281153786640771841e+00
1.004940782784404973e+01 9.964367745498240225e+00 6.155034514010761626e+00 4.167663840309377754e+00 8.008496869919174088e+00 8.290665896439231020e+00 3.103627950095052057e+01 1.999207716645822686e+01 7.770988003743974915e+00 2.485468014909630341e+01
7.288568922886422108e+00 6.955625827202883471e+00 1.309672485310784751e+01 1.195763829143416146e+01 3.587962936803310754e+01 4.896999181352094865e+01 3.376194710752499617e+01 3.490565044685793339e+01 4.191357302005204133e+01 4.024075941854530214e+01
8.994561647167959251e+00 1.503062535346954931e+01 3.497811468265758350e+01 3.199181235102109966e+01 2.030303360886944475e+01 1.727114395470811559e+01 1.279879275313125220e+01 1.116803056417845674e+01 5.966240574355547999e+00 1.275260775962425441e+01
5.950884096682010238e+00 1.213276902843352900e+01 5.078797378664113893e+01 5.258654642809362656e+01 5.824653726877881610e+01 5.774503347155235389e+01 6.428452147491145752e+01 6.871054849335418169e+01 5.868415607790716848e+01 7.153389890400148943e+01
9.916323794627425414e+00 2.154085406030363714e+01 1.641125972958834822e+01 1.050848887931211095e+01 1.785204310749812251e+01 2.962162282900143140e+01 2.231162713311617907e+01 2.176321058513340745e+01 2.631370334573254510e+01 3.878379699421302718e+01
6.522667532568813265e+00 1.302479661153100565e+01 1.597447524022403798e+01 2.704960213024830651e+01 2.721402908209299554e+01 2.415183516741446113e+01 3.153297500649052054e+01 4.093766694383032956e+01 4.122756343971160220e+01 4.615787160326664207e+01
5.098864907480487929e+00 1.256334110524483805e+01 4.295784524188684372e+01 3.328964263756335384e+01 2.147124222767586232e+01 1.947280115400089073e+01 2.113413983197131785e+01 3.282668364188084098e+01 2.979936778632189487e+01 4.014171694362664766e+01
9.987469155237612028e+00 5.236655181717419616e+00 1.475161306358041813e+01 1.053306253904292511e+01 1.389818265674183451e+01 1.020109219719866012e+01 1.265453079142389825e+01 9.385231427044198327e+00 1.369754217338342883e+01 1.287445076427203894e+01
7.561453375175987368e+00 5.494465564285890835e+00 1.073610133987523874e+01 5.950274596321187381e+00 1.503651674738960153e+01 5.722715693884627086e+00 3.411874990727782553e+00 1.167820903463010751e+01 1.240493880449918507e+01 3.012559022999003489e+01
1.725894324722932183e+01 8.880040100420993454e+00 7.850114006574811398e+00 9.080355738366510110e+00 1.468888553978180767e+01 2.179779828791505736e+01 1.219460155305818638e+01 1.295502317418635130e+01 4.679863447202999538e+01 3.349388610252344023e+01
7.410141704343291558e+00 2.322967415071884645e+00 1.376337722637815730e+01 2.032818172618367214e+01 2.607513892488869445e+01 4.800175188818927552e+01 3.552854763258903859e+01 2.919571502378802563e+01 3.066014290165475487e+01 3.163413241587457136e+01
5.234575398499867305e+00 3.527763460596577083e+00 1.497362396069665813e+01 8.211344172395177665e+00 8.117113130591210535e+00 1.682626758322985339e+01 2.709393599857813228e+01 1.539810378179326023e+01 3.923634737639199699e+01 3.505861865466586380e+01
1.117867886860051740e+01 9.401938421515669830e+00 1.872099409579369222e+01 1.962562102685120635e+01 1.518558087197110851e+01 2.174410385147934832e+01 1.399661885555677188e+01 1.386262589096080156e+01 1.405837293151963152e+01 1.289583871836588180e+01
7.303291926229790398e+00 9.036703830878391130e+00 8.168122390583484105e+00 7.512002185848679403e+00 2.051515130295278322e+00 1.199903615521046163e+01 1.056763633535941871e+01 7.216431903956952887e+00 5.776303019527090576e+00 5.059109257555633121e+00
