1.679212697786626762e+01 1.324587623505703071e+01 3.191662484816972167e+01 3.860689891023908160e+01 2.706256571048820092e+01 3.962164872258243520e+01 2.267489246756380794e+01 1.152517910465915918e+01 1.928295940387011242e+01 1.978797960011178603e+01
1.341496254132152011e+01 2.091792482069388015e+01 1.502777797192229770e+01 1.410650683628649915e+01 2.517890684987473904e+01 3.698465009450234220e+01 4.644959376348360536e+01 6.216599278425634623e+01 8.064461441356121441e+01 7.757350784124450627e+01
7.933083014217410245e+00 8.827035586578642068e+00 1.979718297527194437e+01 1.800243386996812234e+01 2.458423375504345998e+01 2.030217894142801427e+01 2.330736152851233101e+01 1.852725174739126857e+01 1.116404317432666105e+01 6.664902755570931703e+00
1.839282367892947789e+01 1.166601472827442088e+01 2.348618517833792652e+01 2.818142773422438196e+01 3.549888345047038740e+01 1.889360198499459997e+01 1.869565072575467468e+01 2.049826205490233022e+01 2.391859426243697229e+01 2.887846784748596463e+01
4.908833891015941475e+00 1.650231451562425633e+01 2.041287049781979590e+01 6.376621639995896373e+00 3.447597265829095203e+00 4.260317288082557496e+00 6.120407769093413108e+00 2.093306970238458575e+01 2.447281354597474134e+01 2.237225261723608227e+01
1.543741169169984317e+01 9.637201419213088371e+00 5.105375817235419333e+01 6.025872029558340870e+01 4.640091634495767181e+01 4.581936494457406894e+01 6.719445296404884971e+01 8.108960755821460964e+01 1.121747503796214147e+02 1.660789089401762908e+02
5.991726250341347537e+00 1.677688261195631014e+01 2.212026280435562242e+01 2.120823920453942435e+01 1.505864964270103989e+01 1.646337707132856210e+01 1.179279460647351563e+01 1.368280491021211276e+01 2.352582586034463574e+01 1.930772125558945262e+01
1.921987982266235662e+01 1.862354905778951419e+01 4.554839679796204166e+01 6.880415114116991049e+01 7.603386928973264958e+01 7.176478528159489656e+01 6.514763227906189513e+01 4.902566243457820860e+01 3.026708804162481314e+01 2.047379126564108986e+01
6.674178342925222829e+00 2.388315662101759429e+01 1.560455945309934123e+01 1.524026172737318774e+01 9.633907668699457361e+00 8.617042330497893587e+00 1.466660299830618897e+01 1.106316486338262095e+01 2.516009566690753019e+01 2.105222629767609988e+01
1.107864903555734948e+01 8.631087553062602780e+00 2.444969983041008543e+00 5.547952308052789938e+00 1.580210203346447884e+01 1.836430176845316709e+01 2.116467785608914554e+01 2.739415123302514843e+01 1.412819634542213088e+01 1.930257196733426284e+01
1.401068543831975255e+01 8.899043621033566609e+00 8.428578955199331091e+00 2.081996155870980303e+01 1.745512731298598652e+01 1.506976862997295541e+01 1.636787876733761493e+01 2.124370064338575403e+01 2.963163097304868643e+01 2.139654977209239917e+01
4.754484952139824472e+00 2.829049821526030684e+01 4.280421891760157749e+00 6.342464663023123173e+00 8.727849882306495388e+00 5.544664789345203459e+00 9.964422667443932013e+00 2.169261990226767622e+01 1.850032414238835798e+01 3.916251027011755070e+01
2.441900518526692654e+00 1.277473094898740413e+01 8.674212713219503712e+00 1.058493648555237066e+01 5.841806363635552835e+00 6.353594498696991444e+00 9.434664858932114484e+00 1.499459691728252153e+01 1.185530245769933622e+01 1.825177016008824538e+01
1.261221339826004417e+01 1.523154250294690115e+01 2.875427187602356938e+01 3.070501439019006540e+01 4.283881788907181942e+01 4.871756167276553384e+01 3.259870537397601709e+01 4.688257426244069137e+01 5.846753202487619916e+01 8.160522933065526274e+01
9.092194791783501984e+00 1.765800397518159315e+01 1.609014767448301697e+01 2.291877541920316119e+01 2.043106312509020484e+01 3.601978051208503473e+01 4.604484667250778074e+01 6.583015731536150383e+01 6.353772339093163168e+01 7.209464572845131158e+01
4.742000978953625712e+00 1.685215548943523700e+01 2.728619361407338673e+01 2.765152390759133993e+01 2.687796916116219137e+01 3.043394175613869379e+01 2.534425048886787124e+01 2.719862094012152909e+01 4.443388460061238021e+01 5.673045069956420150e+01
1.248754273801295511e+01 1.024779003542165334e+01 2.262235272598663727e+01 3.453966122263333460e+01 2.242086157658716417e+01 1.427931760891303270e+01 9.523645117104816649e+00 1.020157278139843449e+01 1.096822416940188560e+01 1.776684981640332950e+01
9.001095587949459187e+00 9.295537360024260565e+00 1.568350715025290754e+01 2.350694736783731287e+01 2.967733634970536372e+01 2.165157582268022907e+01 1.104325278029593882e+01 1.674026197869345722e+01 3.379604006515690173e+01 4.576558601021122996e+01
2.863267524228738203e+00 8.611083587455086175e+00 2.075112777152734722e+01 1.781929582092976716e+01 1.861480508741582440e+01 1.374121973603512004e+01 1.815474327899143958e+01 1.154821689293171971e+01 1.659446983834119038e+01 1.988412508196259765e+01
7.472475535712182371e+00 1.392425830189979230e+01 2.150316516266875411e+01 2.143007754152923283e+01 2.261813589824289394e+01 2.765113821087345158e+01 2.548269547183262418e+01 3.189537126928171062e+01 4.211523626873416504e+01 8.928101896929739212e+01
1.634325558482830587e+01 2.188558850551990531e+01 1.450248141350829556e+01 3.213945901048854381e+01 3.307200576171046436e+01 3.425758196412379419e+01 4.136158528068795448e+01 3.422809927888796722e+01 3.090306825666698742e+01 3.807267386801512998e+01
1.168615954980850091e+01 6.618977765264170898e+01 2.210443373816410428e+01 2.214551968798263815e+01 1.996461773122421235e+01 9.742163878096526730e+00 3.422849692414190770e+01 1.281865889104517109e+01 1.262698088387013939e+01 1.828679868832415778e+01
1.296726122698563266e+01 1.191165156025011385e+01 1.363869099277830976e+01 2.241738111779356046e+01 3.804343749944657560e+01 2.050190237099749169e+01 2.265102299018733589e+01 2.935014691826273747e+01 5.277111092038677498e+01 6.781473263374401483e+01
6.631197860475835171e+01 6.131952766462246629e+00 2.796815903228918998e+01 2.327213178891919654e+01 2.857502600143968152e+01 3.554596651721304568e+01 3.884968352271823022e+01 3.944287393198165148e+01 5.793919675930089142e+01 7.460485352340015197e+01
8.937786325699235590e+00 1.107797727476415339e+01 9.606654465423044797e+00 1.290320345844747330e+01 1.374822595754046972e+01 1.087759080603310480e+01 1.592557313560640431e+01 1.355651839828331440e+01 1.160388555352928641e+01 8.820962302794782772e+00
1.042304062774027074e+01 1.185102990847573423e+01 1.302986070788740314e+01 9.729035668047561813e+00 1.033208143046107530e+01 8.677014828919055844e+00 3.110310014613515506e+01 2.026333030375430866e+01 8.116946687576184871e+00 2.607900180477891183e+01
7.780367253357379553e+00 7.974287548378065082e+00 3.063105435952907385e+01 3.929093809452989916e+01 8.360881187387741420e+01 1.118011480952689993e+02 1.149752525956671860e+02 1.125196122320791687e+02 9.954335504433186088e+01 7.856648194405080687e+01
9.644083529354091411e+00 1.513082154132417756e+01 3.984833177914397595e+01 4.446910217958770062e+01 2.944290666938284673e+01 1.838080642297321532e+01 1.378608944252739121e+01 1.182932076474554606e+01 6.281188228487600611e+00 1.420674989822624212e+01
6.743996039650671293e+00 1.441938654112144391e+01 1.139790231749707914e+02 1.226879618598025559e+02 1.396354302553493483e+02 1.480857197302757129e+02 1.599286293683901761e+02 1.686157975816279304e+02 1.353245905788183734e+02 1.183216881059918109e+02
1.832601834354257875e+01 3.252287727851025068e+01 3.080957099571121915e+01 2.517162537508430731e+01 3.118851725111315076e+01 4.940172198386873248e+01 4.634668284679342776e+01 4.852621363978697389e+01 4.179157294552064883e+01 4.489840774215775809e+01
7.429768076124217302e+00 1.326485924337668187e+01 1.953269853720661331e+01 3.224472072765469477e+01 3.605089413328666836e+01 3.843708877491674514e+01 4.212587155688753171e+01 5.902759604431292928e+01 6.289043838495788208e+01 7.081777655607578481e+01
5.143447203384793553e+00 1.321933228763264268e+01 4.761132929677727788e+01 4.091493098176894705e+01 2.970913616719138517e+01 2.520931456910908963e+01 2.773296416974186585e+01 3.607715365739937141e+01 3.132888150951489692e+01 4.039174531646109045e+01
1.622372259667862693e+01 8.023952933762490858e+00 2.004484384251370699e+01 1.740880383411015941e+01 1.824814744304006808e+01 1.389119505969932078e+01 1.503005310117675108e+01 1.034177646387335159e+01 1.530599100884188069e+01 1.878482033310134369e+01
8.956747469711888954e+00 9.430040636511892060e+00 1.352105283769674671e+01 9.055077115670549404e+00 1.939190419216659578e+01 9.867260184793204658e+00 7.912373615150107398e+00 1.991184616957275821e+01 1.325560988048308708e+01 3.197510964117088150e+01
1.765324902297525256e+01 9.050775582404600783e+00 1.452135494442050145e+01 1.543978012840083380e+01 1.944182295853928721e+01 2.599448684403267862e+01 1.878481293990742529e+01 1.917712281722984713e+01 6.408718265347238230e+01 5.227881040816173197e+01
7.410545624541530429e+00 3.454088816193916944e+00 3.770959088507018464e+01 5.481484041211672320e+01 6.899745862628110160e+01 1.063459611415338912e+02 9.445991318176551488e+01 7.547967945072383600e+01 6.166668652079376756e+01 4.642414593352757635e+01
5.727309570731511812e+00 1.097956388224658397e+01 2.214594163912294533e+01 1.899757792774861898e+01 2.280315669590073213e+01 3.518614829439707137e+01 5.331571349840108809e+01 4.181885498646089161e+01 5.801106830396802394e+01 4.464261178704341404e+01
1.267031783318165772e+01 9.968263270641054774e+00 2.078708722542089760e+01 2.084376441888261056e+01 1.621339941427140019e+01 2.238499783682649991e+01 1.400692675297560008e+01 1.414078447569131747e+01 1.775918249329259879e+01 2.150395180649682914e+01
7.431012921345443445e+00 9.240101322387799243e+00 9.159095076568359417e+00 1.403714975913572260e+01 1.052829070234111697e+01 2.930484973961138095e+01 3.330793908655810043e+01 3.921669479826606164e+01 3.850423114406782332e+01 3.300100913737296082e+01
