1.676251685267986957e+01 1.091180801613305640e+01 1.712549287416476318e+01 1.792521334198946192e+01 1.447745318860821229e+01 3.277085429022090324e+01 2.077922439405242727e+01 1.127115069612134945e+01 1.928283283148013538e+01 1.976385402957185278e+01
1.328001249455233790e+01 1.997112356823019397e+01 1.345512861009136429e+01 1.116226984333640893e+01 2.074294682783131805e+01 2.110752197621208381e+01 2.911736669453122417e+01 4.629960222524926650e+01 6.785206962423083610e+01 7.153178775923066723e+01
7.773317182889539545e+00 7.021540529682184228e+00 1.433768156822805473e+01 8.484093053122148120e+00 1.297673254214091010e+01 1.189763968509605974e+01 1.246751683826026280e+01 8.407718276206843200e+00 7.546019419336209566e+00 6.607656491640458540e+00
1.757215358749091294e+01 9.747616925496249252e+00 1.882756626757243623e+01 2.294144111860769186e+01 2.911820048325929022e+01 1.386276303283874078e+01 1.212582615900465122e+01 1.400933734101996997e+01 1.441454258682314027e+01 1.330384989833420306e+01
4.414867655315359407e+00 1.496990102204139994e+01 1.634035074566829593e+01 5.410838474444017443e+00 3.348016480738317924e+00 4.253109934104840839e+00 5.901922871446715568e+00 2.080080120950814404e+01 2.444647810037416491e+01 2.208708138769669205e+01
1.181178244053126569e+01 9.619784708664612438e+00 1.904744501085381714e+01 2.367590867577094826e+01 1.329070719801685385e+01 1.247264349158735008e+01 2.641182546710941281e+01 3.431861173992448499e+01 5.126914432280708667e+01 7.693824365291736456e+01
5.991560118787026212e+00 1.359712732946526614e+01 2.160929529957087070e+01 2.111661755458969125e+01 1.479669856952186890e+01 1.608464355591568662e+01 1.008625389634606861e+01 1.188583941869926086e+01 2.346932039455254326e+01 1.926846518927869312e+01
1.892498740862701823e+01 1.546641264462984466e+01 2.267789422552711187e+01 2.904497415458499887e+01 2.961744107614794785e+01 2.365537582388176574e+01 2.075237172792101603e+01 1.874792237910038750e+01 2.296953177444251892e+01 2.016262054770337997e+01
6.117888871819750385e+00 2.188553720666082825e+01 1.453900815284557879e+01 1.510824737870875722e+01 8.710103531790663212e+00 7.796722619661514919e+00 1.403646767480674384e+01 9.846685728453294928e+00 2.514137230341028229e+01 1.975905115153826941e+01
9.964473982545342778e+00 8.330337071391802795e+00 2.434673413677399978e+00 5.520315938931020128e+00 1.554804515579871627e+01 1.688956480748867506e+01 2.068336437425972463e+01 2.588353093285523343e+01 1.348184490530991653e+01 1.929826935201442950e+01
1.365940879801853036e+01 8.020070266553240401e+00 7.779520708659643624e+00 1.980805694532587324e+01 1.627471821296786558e+01 1.293105833371875768e+01 1.390563543604792152e+01 1.487348155635956104e+01 2.300747372227971255e+01 1.658059293518715549e+01
4.701902261126909011e+00 2.700874697847669736e+01 3.732471053503987779e+00 6.310728335993513127e+00 8.388205747450532712e+00 4.295406673752790283e+00 6.652087512976062378e+00 1.355793994708774619e+01 1.355143476970151362e+01 3.706597382353267989e+01
2.429052697620613710e+00 1.073874563915003222e+01 7.053578991554275035e+00 1.048565063163598765e+01 5.718184946688047887e+00 6.128355970988272006e+00 8.825739151512760117e+00 1.482834386470482535e+01 1.184009202783546577e+01 1.721001115159811334e+01
1.260378987422414987e+01 1.470756943743309719e+01 1.421342846469790544e+01 1.338838322391076474e+01 1.927676997546675608e+01 2.295750108762359432e+01 1.814429682952456346e+01 2.281045523210086401e+01 2.517703366528591147e+01 3.618767161355558670e+01
7.781340827770037549e+00 1.753755498108991517e+01 1.494516233448480591e+01 1.855556936772592280e+01 1.282374646257657425e+01 1.828005234657298672e+01 2.429900467458574553e+01 3.878397357808218970e+01 5.178707874688791435e+01 6.973383472961756979e+01
3.898936479696389679e+00 1.675266447335274123e+01 1.300202904817207994e+01 1.479850459859700784e+01 1.517332220495240236e+01 1.983096975976368981e+01 1.292450838346209352e+01 1.730027877705403228e+01 3.384094804386006672e+01 4.132290683896746941e+01
1.203764721406325044e+01 1.023814325043355922e+01 1.208386503934221956e+01 2.501049801186928789e+01 1.595089152495761908e+01 1.127753324242270239e+01 6.001233536734535967e+00 8.572904730265879181e+00 1.021915792874614937e+01 1.598381279413398026e+01
8.639326784975251527e+00 8.856932567580496851e+00 1.008881186678074293e+01 1.532630642182158454e+01 1.810427278982685806e+01 1.297777313532012577e+01 9.035176943145296846e+00 1.599450302448246042e+01 3.350128118277417855e+01 4.481187392330366492e+01
2.727461453526460744e+00 8.603610357594718039e+00 1.541086329398190280e+01 1.213538540719656922e+01 1.341712866207294219e+01 1.178505938176361134e+01 1.789823232976369383e+01 1.139784598397446302e+01 1.655551647990796127e+01 1.944416260170837063e+01
7.123450599533487804e+00 1.319825860493430092e+01 1.198447371314319199e+01 1.216291905485402758e+01 1.178647420952540692e+01 1.233220111001626051e+01 1.159793348606433661e+01 1.581633952286316003e+01 1.945601406336935923e+01 4.135965224880832380e+01
1.559625952277161609e+01 1.464506651729253761e+01 1.052580562956655186e+01 2.618207031803034468e+01 2.400218734293522616e+01 2.386515783325980422e+01 3.431793644003681720e+01 3.090856417570307357e+01 2.824127821124594107e+01 3.802336507163320078e+01
9.782519655605263154e+00 6.536461733179875466e+01 2.042347816017604956e+01 2.011833186132435358e+01 1.730470648349141882e+01 8.899784052085569996e+00 3.351865622648668364e+01 1.253095772551091436e+01 1.099743840917088988e+01 1.197137881610434640e+01
1.147408658865556852e+01 9.615285272909989800e+00 1.088869448316497035e+01 1.869036562181282690e+01 2.739955170956392294e+01 1.630609922351337815e+01 1.875409616885935193e+01 2.357179943667970790e+01 3.955996895313161588e+01 4.312613551863245220e+01
6.531756463537182356e+01 6.085771618032683961e+00 2.620809309788362640e+01 2.114310546328050933e+01 2.215310594278625800e+01 2.687436355978444524e+01 2.417730444655162714e+01 2.198201653370495734e+01 2.911698914694707341e+01 3.275439416810986870e+01
8.870521821341785795e+00 1.092608428589244340e+01 9.465869225597357328e+00 1.289690751031916172e+01 1.354540086553642553e+01 1.056740583820566037e+01 1.579474082627754150e+01 1.333167827455747556e+01 1.160386187347027054e+01 8.357857721655989280e+00
1.030763644752635777e+01 1.070897366426397745e+01 7.534762475386126646e+00 5.209357196584995187e+00 8.398493032910778311e+00 8.350089219255705686e+00 3.104570767187664870e+01 2.002723211359381139e+01 7.811690825713164088e+00 2.498733216470638041e+01
7.558018446264211043e+00 7.282825533403198826e+00 1.627783053650125922e+01 1.634388455037815646e+01 4.326089404392746474e+01 5.823624927634365633e+01 4.469717193579298709e+01 4.474116408161516745e+01 4.883762162931435569e+01 4.481395156631626975e+01
9.519719128005423414e+00 1.507726634646761177e+01 3.612548410022206724e+01 3.466205637867906120e+01 2.207889408344006554e+01 1.746204111345103627e+01 1.295550834607405122e+01 1.125893821575495046e+01 6.005776380672132930e+00 1.291897831858542389e+01
6.353548759713766536e+00 1.283320767478547175e+01 6.158721745761164357e+01 6.389590891406486861e+01 7.062929214388314847e+01 7.076015229757288694e+01 7.739703842824313540e+01 8.103736206134477982e+01 6.791937764352290685e+01 7.715254050779650186e+01
1.419720327544811056e+01 2.482086501598649875e+01 1.887394830689090242e+01 1.278684984856275619e+01 1.975099005588922907e+01 3.224964556574154528e+01 2.535015436648151521e+01 2.497943073511538969e+01 2.802435730836108263e+01 3.943415227636769060e+01
7.050735060987149083e+00 1.311097454899299919e+01 1.660294956378983500e+01 2.786533006505761279e+01 2.851931230778268045e+01 2.621734244750900444e+01 3.297281873145975339e+01 4.335519254555478597e+01 4.384488050905621748e+01 4.899134383301492335e+01
5.123298291550471006e+00 1.275931982729792402e+01 4.371634180791100022e+01 3.443481819173814529e+01 2.263602814269775720e+01 2.024294698424854033e+01 2.199225959882210191e+01 3.322242984553280820e+01 2.997444114507221968e+01 4.016890345218033076e+01
1.493884678529778931e+01 6.614339079585984216e+00 1.623414398977760698e+01 1.221182744782196927e+01 1.485749144413105505e+01 1.090629172733434160e+01 1.305468229377916778e+01 9.531993366060138584e+00 1.392641249536437265e+01 1.364492057281291615e+01
8.491438547252331048e+00 6.975305248587130968e+00 1.128453654494113145e+01 6.512238244046844038e+00 1.578275114873534868e+01 6.348433474369238994e+00 4.010767951353983563e+00 1.264480156601834793e+01 1.249948000700682904e+01 3.031466019350038366e+01
1.748187727474832798e+01 8.936522580129297566e+00 9.014749785034432250e+00 1.006821322065539093e+01 1.539896145646370229e+01 2.237561894694738740e+01 1.299928820787166650e+01 1.368700031496758207e+01 4.859226511717002239e+01 3.537803273143856586e+01
7.410438829851148768e+00 2.802513675062189069e+00 1.949610233216283461e+01 2.770971535260070340e+01 3.445373689589688837e+01 5.811525619844237411e+01 4.513139524732792296e+01 3.598361094722554299e+01 3.467496162037462426e+01 3.336054662912432889e+01
5.483665678863930637e+00 5.679596062941766554e+00 1.612391484775895023e+01 9.890669096116406322e+00 1.029071994311763127e+01 1.924030554667788806e+01 3.030779049078221377e+01 1.878857757238939996e+01 4.153433316128160158e+01 3.620271468794473435e+01
1.225812721825727536e+01 9.642638918291027039e+00 1.916716878612048092e+01 1.987048952737119478e+01 1.536607003872809507e+01 2.184984062911098590e+01 1.399818783196693062e+01 1.390165272579360334e+01 1.454642440555607052e+01 1.401683473726713380e+01
7.400651038558244466e+00 9.124168974355256978e+00 8.406767802671268441e+00 8.908476746916793587e+00 3.767783190126620330e+00 1.516280474916671395e+01 1.444162587461422476e+01 1.213645564819103662e+01 1.034471657357141794e+01 8.980341274195279055e+00
