1.761124305411316726e+01 9.767703530843331095e+00 1.384301876118820473e+01 1.561703603887027825e+01 1.102690471002673789e+01 2.764182256992943820e+01 1.477493275096509251e+01 4.816416835644960592e+00 1.270088620059339846e+01 1.683541436142415293e+01
1.286131870510428499e+01 1.775898914357965452e+01 1.094085939964319820e+01 7.573555360101123846e+00 1.641063228474270730e+01 1.592567378868784189e+01 2.197560303077412414e+01 3.845479933470115697e+01 5.978819269178861617e+01 7.009613185624229459e+01
7.619053701486135921e+00 3.304534523930096945e+00 9.320732303431622512e+00 5.446460255268648076e+00 1.006992556107873327e+01 1.064546346937754251e+01 1.026706980962479143e+01 6.714814714357630443e+00 6.151102525179598324e+00 5.109930373469880216e+00
1.059785486898455176e+01 6.427523143857337473e+00 1.107941051828663426e+01 1.507808531672404406e+01 2.191229284340771954e+01 1.015409880134497200e+01 8.304118292442392857e+00 5.269970222620548483e+00 6.655596971687899988e+00 8.653584828537853824e+00
3.402764042915213061e+00 1.385946445941741167e+01 1.649517755221180693e+01 4.957827269551233762e+00 2.692153242203845664e+00 3.537399172383533408e+00 4.896678848565935382e+00 1.959197641104057297e+01 2.328725258249673757e+01 2.195379794703062259e+01
9.736016577477874634e+00 5.229813813930765498e+00 1.154028042721204450e+01 1.956556001815178902e+01 9.233954323576726964e+00 1.197227718379959605e+01 2.593479208978590123e+01 3.387118137597028777e+01 5.169618187291758460e+01 8.354951706063418726e+01
5.531943589114456827e+00 1.195762087183862121e+01 1.841326405683341960e+01 1.784500449838609271e+01 1.273505308914225509e+01 1.317981217845936115e+01 1.090348846747625267e+01 1.268947240583248437e+01 2.179207931530886455e+01 1.780829622230027098e+01
2.084175637010204341e+01 1.323683516816977068e+01 1.958325902145925923e+01 1.577614327932732685e+01 8.416436008615820086e+00 6.148419157468229201e+00 8.595590818693295887e+00 1.209330137654968240e+01 1.691796056697287653e+01 1.423615399576092955e+01
4.684147943771771239e+00 1.974667205768545841e+01 1.219870538124010828e+01 1.099110947934636684e+01 6.652028288470029693e+00 6.205278173021707033e+00 1.222813714084967884e+01 1.003477511413373513e+01 2.454273868906824774e+01 2.161317160444647811e+01
3.165513645970969847e+00 8.469341798537790567e+00 3.326307949979372403e+00 6.723072150522149570e+00 1.329005570030388128e+01 1.186493439241469794e+01 1.593412358351280567e+01 1.786461801198768740e+01 4.209391464955539952e+00 8.492310974327835993e+00
1.217363084666141937e+01 7.123925614444598153e+00 7.141690377658122202e+00 1.763033353289362282e+01 1.435026629985870805e+01 9.925674541842223420e+00 1.131321541489222327e+01 9.854450331710138400e+00 1.847807509538364101e+01 1.488370312934366702e+01
4.118039354310461420e+00 2.390639302095580021e+01 3.860806967027032854e+00 6.439540379271836201e+00 8.202147781208591226e+00 4.161509552041575688e+00 5.690737050880327885e+00 1.285863319511751435e+01 1.130066063270255761e+01 3.549529867673832939e+01
1.779962349718911430e+00 9.737588733333288005e+00 6.586243849935689454e+00 1.057866754777493412e+01 5.820262618658492926e+00 5.979172323183371773e+00 9.134350689024680392e+00 1.484152116697166690e+01 1.175697183184667161e+01 1.692102657708353775e+01
1.198135772777293795e+01 1.303753753266903281e+01 8.097424054783735059e+00 6.923912357650559457e+00 1.385295250333384587e+01 1.788495926043809447e+01 2.015091661434630410e+01 1.959981594396715820e+01 2.103839786511596444e+01 3.360718772949600464e+01
7.842329956747703612e+00 1.900901163440584796e+01 1.558836301721857076e+01 1.414352813695510314e+01 1.002428958395760006e+01 1.347563120964685268e+01 2.041382167313595275e+01 2.964598009142455126e+01 3.958987064852357207e+01 5.593129044973185415e+01
2.876201615685227697e+00 1.241877034879894914e+01 4.018005665209310351e+00 8.618085260392094327e+00 9.738752679481949670e+00 1.576193886057814098e+01 8.869441666690264015e+00 1.310812088038165513e+01 2.756143789498756647e+01 3.040672705766430894e+01
1.084156783410481495e+01 9.168695367780482997e+00 7.680618020988990935e+00 2.058317474269097858e+01 1.015400933870039601e+01 6.211146723083794008e+00 2.572900462784250664e+00 7.959417510594795075e+00 9.128744227764485686e+00 1.564045712539767052e+01
8.586691698816409257e+00 7.395337556313845262e+00 4.145824176635469094e+00 1.178972947469663524e+01 1.140580872274774826e+01 6.269742814317885049e+00 8.606659171897231175e+00 1.409878375341198620e+01 3.140970227057824360e+01 4.571643618635610551e+01
6.036281516783020606e+00 7.018276973128307894e+00 6.443477586255059286e+00 3.166076637459765752e+00 7.035939715455659993e+00 6.345163427600634343e+00 1.304805778952942319e+01 1.148936676076032626e+01 1.791680316265265560e+01 2.163764449304133564e+01
8.189612874524597075e+00 9.252875793985159802e+00 5.617544454954481736e+00 6.852391820822806068e+00 6.994381643009421445e+00 7.597557715799863942e+00 7.837224910036824532e+00 1.236543000109729462e+01 1.386470331476617623e+01 2.925193359156638806e+01
1.273955948641124536e+01 9.503784598223866453e+00 8.522711819456599613e+00 1.889117835016797287e+01 1.460591799919236600e+01 1.219064470478519624e+01 2.236816822175096320e+01 2.350020686961045513e+01 2.044573360904460202e+01 3.923853487570391252e+01
4.859188245043490895e+00 5.361705981702110080e+01 1.634099403498609959e+01 1.693620808123141330e+01 1.287158736760670585e+01 8.380680168163531008e+00 2.721618322885091956e+01 1.093627868089311406e+01 8.497734455597909076e+00 1.379989592121158282e+01
1.063064388273927641e+01 8.741358201248921489e+00 5.602711415605370782e+00 1.181664774333969881e+01 1.618801506729508333e+01 1.099712587703278999e+01 1.577831807419463672e+01 2.101435360776878269e+01 3.879921712761917973e+01 5.830288509092690674e+01
4.867708492434415746e+01 7.202028532101210523e+00 1.646390137310261892e+01 9.247779110899223554e+00 5.235067287375813727e+00 9.897443166356387323e+00 3.134679156404330591e+00 3.365197674778158898e+00 3.778793895941325864e+00 1.143024767552047116e+01
8.760441459361862471e+00 9.627337500367156409e+00 8.456804532829981014e+00 1.174026336494028300e+01 1.326566172519410181e+01 9.852199823636448528e+00 1.312301447987526615e+01 1.085461654080814142e+01 8.649455679742688474e+00 8.548437269599453714e+00
1.109968677309382556e+01 8.753726975011757006e+00 6.881972699213162237e+00 4.581646244028134696e+00 7.196484648867439660e+00 7.558040078545026574e+00 3.069980269239023585e+01 1.993701962203527955e+01 7.531256155908716110e+00 2.899319128495609732e+01
7.123856939912819541e+00 8.371571074999989648e+00 7.680764638310058956e+00 6.761373132825853283e+00 2.219816243123110411e+01 3.134051349088210259e+01 1.945699658086305206e+01 2.074337747497295226e+01 2.868904713851612698e+01 2.919057927558014498e+01
1.121726071972070571e+01 5.186768979224056331e+00 2.418730297965166542e+01 2.168001166005082325e+01 1.331983847789024011e+01 1.139046382183757622e+01 9.236818610164576171e+00 6.894159083379706843e+00 2.143957550248752675e+00 7.382571981117556525e+00
2.525313562726691163e+00 9.998621015575892557e+00 9.464003415248855688e+00 9.889808609441931964e+00 1.017758002982774457e+01 9.925931281560259833e+00 1.423257418227453286e+01 2.570412541119945260e+01 2.570902803005919068e+01 4.786225912416363570e+01
7.598260651229725049e+00 2.084106998089531615e+01 1.265978689039777016e+01 6.217868314215504455e+00 1.210708477066004463e+01 2.103012376488351975e+01 1.586066080155877600e+01 1.613190258726655912e+01 2.411059843940372360e+01 4.381623083398773133e+01
3.688642009217069528e+00 1.067680907955982939e+01 7.128234570890787047e+00 1.524964561840331179e+01 1.078877526833762168e+01 9.125435483500858425e+00 1.866146376860037748e+01 2.272997785080530520e+01 2.431286881469027605e+01 2.757487734175890637e+01
5.611717730123839232e+00 1.522969383152418388e+01 2.902554500112212921e+01 1.944145519057527949e+01 1.161410278676058105e+01 1.159243641756608589e+01 1.233288344162759920e+01 2.604110997988384568e+01 2.733729479928057771e+01 4.467987867501633303e+01
1.159298906668741402e+01 6.091958563707106755e+00 1.399442951896445386e+01 1.053376037823582045e+01 1.273880992320396821e+01 6.933965891855252472e+00 8.541568186892938286e+00 4.185414312312143892e+00 7.163338954923499813e+00 9.515137750901411451e+00
6.622046012072187793e+00 4.302142331499862138e+00 9.737657086876733814e+00 5.365818330558028926e+00 1.480557087752026568e+01 6.683017153724303938e+00 3.717445099450328083e+00 1.365387215325514347e+01 1.180076211004774578e+01 2.909046619200881523e+01
1.817630780630691234e+01 9.085515862352281147e+00 8.607999034902093172e+00 8.922750122972130882e+00 1.373442482125212294e+01 2.059333428819444123e+01 1.052972714898980300e+01 1.231092721869074325e+01 4.852791334984470240e+01 3.775083601138589273e+01
7.867847528869140739e+00 2.612766954873587899e+00 1.196999314527412395e+01 1.531778347453290934e+01 1.554838942394104961e+01 2.971589037449391668e+01 1.693773098260502863e+01 9.643824201968463683e+00 9.592323253006508565e+00 1.985569715070596430e+01
4.986407402197186478e+00 5.175593751255572528e+00 1.440158452693937008e+01 6.783981282421859937e+00 5.414617395837733049e+00 1.322044473140062415e+01 2.313844373793095954e+01 1.277667269457116284e+01 3.466873531255161112e+01 3.257247431794125703e+01
1.137237891057640304e+01 8.743512096179241411e+00 1.234685389184272530e+01 1.438133421690185720e+01 9.463135151144207668e+00 2.048852009823355047e+01 1.464765332050447810e+01 1.131283156843051962e+01 9.656301381261686245e+00 7.969448818701772019e+00
8.342878216414781889e+00 8.039146055113764788e+00 9.092338695594950337e+00 7.328822726391077680e+00 2.312761187930478801e+00 1.100450274721649890e+01 9.288294403045009417e+00 5.833276362732465969e+00 4.526992169340504191e+00 4.512858631171612345e+00
