3.709301833594685149e+01 1.312627835199927517e+01 2.388204174528515011e+01 3.176096815282316754e+01 2.479168560832995993e+01 4.064499994597233723e+01 2.467712829154801213e+01 1.437820419235706204e+01 2.508940517084610278e+01 3.523866516863354548e+01
1.364255260600594433e+01 2.119774927167065925e+01 1.469689916717475064e+01 1.366743235833649273e+01 2.478570826888619649e+01 3.698333124079863410e+01 4.709244905370348988e+01 6.377762913324676219e+01 8.341185923670661850e+01 8.057409846265358055e+01
1.109736600504153436e+01 1.225713626560184721e+01 1.848172588741227429e+01 1.523896448132888715e+01 2.277169363689703019e+01 1.946745348336656889e+01 2.708338253239926630e+01 2.757768460263913113e+01 2.151722728876333335e+01 1.301833573738050909e+01
1.886753522159793306e+01 1.284644949766945743e+01 2.406440807052956998e+01 2.871097598402802475e+01 3.605922878455254477e+01 1.935840860390464968e+01 1.921707642999395560e+01 2.067900717923990683e+01 2.511251015792335295e+01 3.175340238511659763e+01
4.843281645900748167e+00 1.476766258058428605e+01 1.917005220780904295e+01 5.648752941875180511e+00 3.912641412286277820e+00 5.276594044405252149e+00 7.424195143418972798e+00 2.278900985391710776e+01 2.750214052098371198e+01 2.350278614883557182e+01
1.653728879020396647e+01 1.056604540968588957e+01 5.253101517110766139e+01 6.089706049588340164e+01 4.590020969052258692e+01 4.429510752072346236e+01 6.415047537078150697e+01 7.621495608090481255e+01 1.041866983302723355e+02 1.543302455353892242e+02
8.917727253273012522e+00 2.302969749005207944e+01 2.491273839641996091e+01 2.320913061135698641e+01 1.646400346187326491e+01 1.816652033125698651e+01 1.378121643560684007e+01 1.699494856359687489e+01 2.579929863340157326e+01 2.058334124905395868e+01
2.855874066618317286e+01 2.673509325143364279e+01 3.494048237201787543e+01 5.998903632291951737e+01 7.703197361031767798e+01 8.565326738252542782e+01 9.451845722208796019e+01 9.270628361946008056e+01 7.452729792249657237e+01 5.672387049601846343e+01
6.788405005125886404e+00 2.190952413316668057e+01 1.442504211856254770e+01 1.466417575803910012e+01 9.566586437681536381e+00 9.404031655084265751e+00 1.661588565228462500e+01 1.525427758389665556e+01 2.834457230216067458e+01 1.954837613148482234e+01
5.937018462986298317e+00 8.202215401461367961e+00 2.425275572704697069e+00 5.190242665923539889e+00 1.498935034441101521e+01 1.714146984919512207e+01 2.004635181889025120e+01 2.659496396934537188e+01 1.382636334269131773e+01 1.881656705846750910e+01
1.304924633955792324e+01 1.102777260611885524e+01 1.204597528919289395e+01 2.441134733283471192e+01 2.032406548556207682e+01 1.755060905790002579e+01 1.773885787775020972e+01 2.153627947020859423e+01 2.772225100586744517e+01 1.878860273722794361e+01
4.816818570487650497e+00 2.828183662922509711e+01 4.280345939741152961e+00 6.349748525095251672e+00 8.573186092372290901e+00 5.514699422402369322e+00 9.876933200572452165e+00 2.113444972032703006e+01 1.782657827633385139e+01 3.840795083135129317e+01
2.249588278318922274e+00 1.225903699991409290e+01 8.154686849573117513e+00 1.048938251076016925e+01 5.739124447905552096e+00 6.742390875368452718e+00 1.046229067775095878e+01 1.613433187275819236e+01 1.257101966082182898e+01 1.781340953177134168e+01
1.186596160124697619e+01 1.703650861110483916e+01 3.090269201578366420e+01 3.168583293419412428e+01 4.234381766670805547e+01 4.576085318640305388e+01 2.897862858412153031e+01 3.896673787567722513e+01 4.561115480040381698e+01 6.345418582506299288e+01
8.162305765621441722e+00 1.667727322020551384e+01 1.753903430384222872e+01 2.478645528001788279e+01 2.164476950031941627e+01 3.528066993941217078e+01 4.201463787093472035e+01 5.603862073533640853e+01 5.324291496107130683e+01 6.389326000869726130e+01
3.985904512129307076e+00 1.654522439597043260e+01 2.541943629294047469e+01 2.622801052186918724e+01 2.598395014416617244e+01 3.023874666007375467e+01 2.585377708005738739e+01 2.918977129561615058e+01 4.908243634523721965e+01 6.518276530021955750e+01
1.055200466262562387e+01 8.190514091377904649e+00 1.716799334041301961e+01 3.036552563381307124e+01 1.959475390572082532e+01 1.292166744902264597e+01 1.154452577517503542e+01 1.441424706477210549e+01 1.712971922525070312e+01 3.004027563902200271e+01
8.131146446474883049e+00 8.004354293808127352e+00 1.198390274808480882e+01 1.991078973847659483e+01 2.456762407596960429e+01 1.771699806303179514e+01 9.528136091597554369e+00 1.716246762796892966e+01 3.728025922245785040e+01 5.750765558113761244e+01
8.269831666825371741e+00 6.648031630764298150e+00 1.916844495016479399e+01 1.827495205661365674e+01 2.108467470931771715e+01 1.832776229286524838e+01 2.398605274681644417e+01 1.560503959119643369e+01 2.478171949827829934e+01 3.818776633808599996e+01
6.631196415590586923e+00 1.518693679804333385e+01 2.366362662113510851e+01 2.242436027031137868e+01 2.274858933046792941e+01 2.630041481189298125e+01 2.184810646809268775e+01 2.541591526346175556e+01 2.871855982794606632e+01 6.138948814584647096e+01
1.631180315142681891e+01 2.357722597806262499e+01 1.561831991140263298e+01 3.275204801421674716e+01 3.237393309437196365e+01 3.245348711239246597e+01 3.895156460044807289e+01 3.146747537671571848e+01 2.682089414093983848e+01 3.597186846689651674e+01
8.440646535337377188e+00 6.361144024994802493e+01 2.224949589826756835e+01 2.240309134208558106e+01 1.995025066443173856e+01 9.546923317694165689e+00 3.402382981333254008e+01 1.300928059921115931e+01 1.194266470187432283e+01 1.482385851492834306e+01
1.213063336844020057e+01 9.028724154828212889e+00 1.261729358705395221e+01 2.002759797929935459e+01 3.225568025363099878e+01 1.627771110580083658e+01 1.852575299184226765e+01 2.478475167585597205e+01 4.744683513020073917e+01 6.432875891489955222e+01
6.567582728204918396e+01 6.226087515808534256e+00 3.037221576185638128e+01 2.593172684570606989e+01 3.245205368185671091e+01 4.114635377310816011e+01 4.770128591519410577e+01 5.179299495239006745e+01 7.889873891653309101e+01 1.049751345771672106e+02
1.075544986807423342e+01 1.271001089681476870e+01 8.980849891345064506e+00 1.211039419061200206e+01 1.330317671098274701e+01 1.032193681632538151e+01 1.555640880985017027e+01 1.359122576034685181e+01 1.322429063066530652e+01 1.271003656997549136e+01
1.155523368539153672e+01 9.921201677653902706e+00 1.115285213422708388e+01 8.755289851116632605e+00 1.022345379120837627e+01 8.168005704362895969e+00 2.963376394390277468e+01 1.904185779041155158e+01 7.605287564909020581e+00 3.199887540984414613e+01
7.324232448866052181e+00 7.596903780762358949e+00 3.350358160453237844e+01 4.125845055528404970e+01 8.311073800877279893e+01 1.063319388591364429e+02 1.028579145448555749e+02 9.332029143874929389e+01 7.690114150215902100e+01 5.683313162604053304e+01
9.902362133984894399e+00 1.460939016067924712e+01 3.847326984073006884e+01 4.285671828026551822e+01 2.916227297558736709e+01 1.855147751390917676e+01 1.512816906883100465e+01 1.413526553811963637e+01 8.726777594265429983e+00 1.890858562834246825e+01
5.987020990907570450e+00 1.509468600198734300e+01 1.260729399439958769e+02 1.326501018730678254e+02 1.460436823515491369e+02 1.481415352949081523e+02 1.516454064748333792e+02 1.495057831112702615e+02 1.077119805105829471e+02 9.137534164217930766e+01
1.861026748120792007e+01 3.149693515616161932e+01 3.041842897070153029e+01 2.514247591335020360e+01 3.134793691456420106e+01 4.996374204603732494e+01 4.753044911557878294e+01 4.957227611121599864e+01 4.239635551967278104e+01 4.523513989957666581e+01
1.399872030807561352e+01 2.076137178146909434e+01 2.283303500005136755e+01 3.277915665539374146e+01 3.313960707013688989e+01 2.949040175103136363e+01 3.378875503781226541e+01 4.350972550110621029e+01 4.274536167202165871e+01 4.694328798522261792e+01
5.752294945898318801e+00 1.299877948226101232e+01 4.576349324561446252e+01 3.974103558307074735e+01 2.969193999535967521e+01 2.642863248835880441e+01 3.048583965031399146e+01 3.979588512011112300e+01 3.560317818273519208e+01 4.158735341916938921e+01
1.874388526113529352e+01 1.072708365181332546e+01 2.194241664360802346e+01 1.918593397231453324e+01 1.976576482366304788e+01 1.544310927608056616e+01 1.685812912198252889e+01 1.201194950957119190e+01 1.987555820653605210e+01 3.256516328265129800e+01
9.358578138018378567e+00 7.862830714811390287e+00 1.248215045532685430e+01 8.553232171466918388e+00 1.947828300456854578e+01 9.945850332233227675e+00 8.865765591961515923e+00 2.306664667575730121e+01 1.420790663687142796e+01 3.053529862641431691e+01
1.776637660028358567e+01 9.075040649808913784e+00 1.524820704616002587e+01 1.599555530540425607e+01 1.960272343163334341e+01 2.571732225849315157e+01 1.759582847495034841e+01 1.721557096097988193e+01 5.889235503351460466e+01 4.598838725301940400e+01
9.661756318100344743e+00 5.797891726813483082e+00 3.533967901490188979e+01 5.286219607926970099e+01 6.899912123399218444e+01 1.102881045713007495e+02 1.031882114207504344e+02 8.895241647166754717e+01 7.891545666085700361e+01 6.289317864767212285e+01
5.935770949682821929e+00 1.242839856497950279e+01 2.291290345393368000e+01 1.926675883540644207e+01 2.219202063635993483e+01 3.352400932589775806e+01 4.998819679294031459e+01 3.793441722915002856e+01 5.379126029360511296e+01 4.144672526488761122e+01
1.027883410330996306e+01 1.326490688692481079e+01 2.384726676577294313e+01 2.222893909559868320e+01 1.614219053819689620e+01 2.156575405398888989e+01 1.408709317526137816e+01 1.306609691880191093e+01 1.218108145701808809e+01 1.187810695397400274e+01
8.541629387856305655e+00 7.904523432107616543e+00 1.072103760974118458e+01 1.711312428172620770e+01 1.335274638963479532e+01 2.919781484760898849e+01 2.987497870938820910e+01 3.104511151320497220e+01 2.837210717869473342e+01 2.272834031203614913e+01
