#Omega_b = 0.050000
#Omega_m = 0.300000
#Omega_de = 0.680000
#hubble = 0.700000
#w0 = -0.800000
#wa = 0.200000
#sigma8 = 0.800000
#n_s = 0.960000
#
#M m*dn/dm ;; M is in h^-1 Msun.  m*dn/dm in h^3 Mpc^-3. 
1.000000e+12 	 4.057180e-03
1.008902e+12 	 4.025720e-03
1.017883e+12 	 3.994502e-03
1.026944e+12 	 3.963524e-03
1.036086e+12 	 3.932786e-03
1.045309e+12 	 3.902283e-03
1.054614e+12 	 3.872016e-03
1.064002e+12 	 3.841981e-03
1.073474e+12 	 3.812178e-03
1.083030e+12 	 3.782604e-03
1.092671e+12 	 3.753257e-03
1.102398e+12 	 3.724136e-03
1.112211e+12 	 3.695240e-03
1.122112e+12 	 3.666565e-03
1.132101e+12 	 3.638111e-03
1.142179e+12 	 3.609876e-03
1.152347e+12 	 3.581858e-03
1.162605e+12 	 3.554055e-03
1.172954e+12 	 3.526466e-03
1.183396e+12 	 3.499089e-03
1.193930e+12 	 3.471923e-03
1.204558e+12 	 3.444965e-03
1.215281e+12 	 3.418214e-03
1.226100e+12 	 3.391669e-03
1.237014e+12 	 3.365328e-03
1.248026e+12 	 3.339190e-03
1.259136e+12 	 3.313252e-03
1.270345e+12 	 3.287513e-03
1.281653e+12 	 3.261972e-03
1.293062e+12 	 3.236628e-03
1.304573e+12 	 3.211478e-03
1.316186e+12 	 3.186521e-03
1.327903e+12 	 3.161755e-03
1.339724e+12 	 3.137180e-03
1.351650e+12 	 3.112794e-03
1.363682e+12 	 3.088594e-03
1.375821e+12 	 3.064581e-03
1.388069e+12 	 3.040752e-03
1.400425e+12 	 3.017105e-03
1.412892e+12 	 2.993641e-03
1.425469e+12 	 2.970356e-03
1.438159e+12 	 2.947250e-03
1.450961e+12 	 2.924321e-03
1.463877e+12 	 2.901568e-03
1.476909e+12 	 2.878990e-03
1.490056e+12 	 2.856585e-03
1.503320e+12 	 2.834352e-03
1.516703e+12 	 2.812289e-03
1.530204e+12 	 2.790396e-03
1.543826e+12 	 2.768670e-03
1.557569e+12 	 2.747112e-03
1.571435e+12 	 2.725718e-03
1.585423e+12 	 2.704489e-03
1.599537e+12 	 2.683423e-03
1.613776e+12 	 2.662518e-03
1.628141e+12 	 2.641773e-03
1.642635e+12 	 2.621188e-03
1.657257e+12 	 2.600760e-03
1.672010e+12 	 2.580489e-03
1.686894e+12 	 2.560373e-03
1.701911e+12 	 2.540412e-03
1.717061e+12 	 2.520604e-03
1.732346e+12 	 2.500947e-03
1.747768e+12 	 2.481442e-03
1.763326e+12 	 2.462085e-03
1.779023e+12 	 2.442878e-03
1.794860e+12 	 2.423817e-03
1.810837e+12 	 2.404903e-03
1.826957e+12 	 2.386133e-03
1.843221e+12 	 2.367508e-03
1.859629e+12 	 2.349025e-03
1.876183e+12 	 2.330684e-03
1.892885e+12 	 2.312484e-03
1.909735e+12 	 2.294423e-03
1.926735e+12 	 2.276500e-03
1.943887e+12 	 2.258715e-03
1.961191e+12 	 2.241066e-03
1.978650e+12 	 2.223553e-03
1.996263e+12 	 2.206174e-03
2.014034e+12 	 2.188928e-03
2.031963e+12 	 2.171814e-03
2.050051e+12 	 2.154831e-03
2.068301e+12 	 2.137979e-03
2.086712e+12 	 2.121255e-03
2.105288e+12 	 2.104660e-03
2.124029e+12 	 2.088192e-03
2.142937e+12 	 2.071851e-03
2.162013e+12 	 2.055634e-03
2.181259e+12 	 2.039542e-03
2.200677e+12 	 2.023573e-03
2.220267e+12 	 2.007727e-03
2.240032e+12 	 1.992002e-03
2.259972e+12 	 1.976398e-03
2.280090e+12 	 1.960913e-03
2.300388e+12 	 1.945547e-03
2.320865e+12 	 1.930299e-03
2.341526e+12 	 1.915167e-03
2.362370e+12 	 1.900152e-03
2.383399e+12 	 1.885252e-03
2.404616e+12 	 1.870466e-03
2.426022e+12 	 1.855793e-03
2.447618e+12 	 1.841233e-03
2.469407e+12 	 1.826784e-03
2.491389e+12 	 1.812446e-03
2.513567e+12 	 1.798219e-03
2.535943e+12 	 1.784100e-03
2.558517e+12 	 1.770089e-03
2.581293e+12 	 1.756186e-03
2.604272e+12 	 1.742390e-03
2.627455e+12 	 1.728699e-03
2.650844e+12 	 1.715114e-03
2.674442e+12 	 1.701632e-03
2.698249e+12 	 1.688254e-03
2.722269e+12 	 1.674979e-03
2.746502e+12 	 1.661805e-03
2.770951e+12 	 1.648733e-03
2.795618e+12 	 1.635761e-03
2.820505e+12 	 1.622888e-03
2.845612e+12 	 1.610114e-03
2.870944e+12 	 1.597438e-03
2.896501e+12 	 1.584859e-03
2.922285e+12 	 1.572377e-03
2.948299e+12 	 1.559990e-03
2.974545e+12 	 1.547699e-03
3.001024e+12 	 1.535502e-03
3.027739e+12 	 1.523398e-03
3.054691e+12 	 1.511387e-03
3.081884e+12 	 1.499469e-03
3.109319e+12 	 1.487642e-03
3.136997e+12 	 1.475905e-03
3.164923e+12 	 1.464258e-03
3.193097e+12 	 1.452701e-03
3.221521e+12 	 1.441233e-03
3.250199e+12 	 1.429852e-03
3.279132e+12 	 1.418558e-03
3.308323e+12 	 1.407352e-03
3.337773e+12 	 1.396231e-03
3.367486e+12 	 1.385195e-03
3.397463e+12 	 1.374244e-03
3.427707e+12 	 1.363377e-03
3.458220e+12 	 1.352593e-03
3.489004e+12 	 1.341892e-03
3.520063e+12 	 1.331273e-03
3.551399e+12 	 1.320735e-03
3.583013e+12 	 1.310278e-03
3.614909e+12 	 1.299902e-03
3.647088e+12 	 1.289604e-03
3.679554e+12 	 1.279386e-03
3.712309e+12 	 1.269246e-03
3.745356e+12 	 1.259184e-03
3.778697e+12 	 1.249199e-03
3.812334e+12 	 1.239290e-03
3.846272e+12 	 1.229458e-03
3.880511e+12 	 1.219701e-03
3.915055e+12 	 1.210018e-03
3.949906e+12 	 1.200410e-03
3.985068e+12 	 1.190876e-03
4.020543e+12 	 1.181414e-03
4.056333e+12 	 1.172025e-03
4.092442e+12 	 1.162708e-03
4.128873e+12 	 1.153463e-03
4.165628e+12 	 1.144288e-03
4.202710e+12 	 1.135184e-03
4.240122e+12 	 1.126149e-03
4.277867e+12 	 1.117184e-03
4.315948e+12 	 1.108288e-03
4.354369e+12 	 1.099460e-03
4.393131e+12 	 1.090699e-03
4.432238e+12 	 1.082006e-03
4.471694e+12 	 1.073379e-03
4.511500e+12 	 1.064819e-03
4.551661e+12 	 1.056324e-03
4.592180e+12 	 1.047894e-03
4.633059e+12 	 1.039529e-03
4.674302e+12 	 1.031228e-03
4.715912e+12 	 1.022991e-03
4.757893e+12 	 1.014817e-03
4.800247e+12 	 1.006706e-03
4.842979e+12 	 9.986572e-04
4.886091e+12 	 9.906701e-04
4.929586e+12 	 9.827442e-04
4.973469e+12 	 9.748791e-04
5.017742e+12 	 9.670744e-04
5.062410e+12 	 9.593297e-04
5.107475e+12 	 9.516444e-04
5.152941e+12 	 9.440181e-04
5.198812e+12 	 9.364504e-04
5.245092e+12 	 9.289408e-04
5.291783e+12 	 9.214888e-04
5.338890e+12 	 9.140941e-04
5.386416e+12 	 9.067563e-04
5.434366e+12 	 8.994748e-04
5.482742e+12 	 8.922492e-04
5.531549e+12 	 8.850792e-04
5.580790e+12 	 8.779642e-04
5.630470e+12 	 8.709040e-04
5.680592e+12 	 8.638980e-04
5.731160e+12 	 8.569459e-04
5.782179e+12 	 8.500472e-04
5.833651e+12 	 8.432016e-04
5.885582e+12 	 8.364087e-04
5.937975e+12 	 8.296679e-04
5.990834e+12 	 8.229791e-04
6.044164e+12 	 8.163416e-04
6.097969e+12 	 8.097553e-04
6.152252e+12 	 8.032195e-04
6.207019e+12 	 7.967341e-04
6.262273e+12 	 7.902985e-04
6.318020e+12 	 7.839124e-04
6.374262e+12 	 7.775754e-04
6.431005e+12 	 7.712872e-04
6.488254e+12 	 7.650473e-04
6.546011e+12 	 7.588554e-04
6.604284e+12 	 7.527112e-04
6.663074e+12 	 7.466142e-04
6.722388e+12 	 7.405641e-04
6.782231e+12 	 7.345605e-04
6.842605e+12 	 7.286032e-04
6.903518e+12 	 7.226916e-04
6.964972e+12 	 7.168256e-04
7.026974e+12 	 7.110047e-04
7.089527e+12 	 7.052285e-04
7.152638e+12 	 6.994969e-04
7.216310e+12 	 6.938093e-04
7.280549e+12 	 6.881655e-04
7.345360e+12 	 6.825651e-04
7.410748e+12 	 6.770079e-04
7.476717e+12 	 6.714934e-04
7.543275e+12 	 6.660214e-04
7.610424e+12 	 6.605915e-04
7.678171e+12 	 6.552034e-04
7.746522e+12 	 6.498569e-04
7.815481e+12 	 6.445515e-04
7.885054e+12 	 6.392869e-04
7.955246e+12 	 6.340630e-04
8.026063e+12 	 6.288792e-04
8.097510e+12 	 6.237354e-04
8.169593e+12 	 6.186313e-04
8.242318e+12 	 6.135665e-04
8.315691e+12 	 6.085407e-04
8.389716e+12 	 6.035537e-04
8.464401e+12 	 5.986051e-04
8.539750e+12 	 5.936947e-04
8.615770e+12 	 5.888221e-04
8.692467e+12 	 5.839872e-04
8.769847e+12 	 5.791895e-04
8.847915e+12 	 5.744289e-04
8.926679e+12 	 5.697050e-04
9.006143e+12 	 5.650176e-04
9.086315e+12 	 5.603663e-04
9.167201e+12 	 5.557510e-04
9.248807e+12 	 5.511713e-04
9.331139e+12 	 5.466270e-04
9.414204e+12 	 5.421178e-04
9.498008e+12 	 5.376434e-04
9.582559e+12 	 5.332036e-04
9.667862e+12 	 5.287981e-04
9.753924e+12 	 5.244267e-04
9.840753e+12 	 5.200891e-04
9.928354e+12 	 5.157851e-04
1.001674e+13 	 5.115143e-04
1.010590e+13 	 5.072766e-04
1.019587e+13 	 5.030717e-04
1.028663e+13 	 4.988994e-04
1.037820e+13 	 4.947594e-04
1.047059e+13 	 4.906514e-04
1.056379e+13 	 4.865752e-04
1.065783e+13 	 4.825307e-04
1.075271e+13 	 4.785174e-04
1.084843e+13 	 4.745353e-04
1.094500e+13 	 4.705841e-04
1.104243e+13 	 4.666635e-04
1.114073e+13 	 4.627734e-04
1.123990e+13 	 4.589134e-04
1.133996e+13 	 4.550834e-04
1.144091e+13 	 4.512832e-04
1.154275e+13 	 4.475124e-04
1.164550e+13 	 4.437710e-04
1.174917e+13 	 4.400586e-04
1.185376e+13 	 4.363751e-04
1.195928e+13 	 4.327202e-04
1.206574e+13 	 4.290938e-04
1.217315e+13 	 4.254955e-04
1.228152e+13 	 4.219253e-04
1.239085e+13 	 4.183828e-04
1.250115e+13 	 4.148679e-04
1.261243e+13 	 4.113803e-04
1.272471e+13 	 4.079198e-04
1.283798e+13 	 4.044863e-04
1.295226e+13 	 4.010795e-04
1.306756e+13 	 3.976993e-04
1.318389e+13 	 3.943453e-04
1.330125e+13 	 3.910175e-04
1.341966e+13 	 3.877155e-04
1.353912e+13 	 3.844393e-04
1.365964e+13 	 3.811886e-04
1.378124e+13 	 3.779633e-04
1.390392e+13 	 3.747630e-04
1.402769e+13 	 3.715877e-04
1.415256e+13 	 3.684372e-04
1.427855e+13 	 3.653112e-04
1.440566e+13 	 3.622096e-04
1.453389e+13 	 3.591322e-04
1.466327e+13 	 3.560788e-04
1.479380e+13 	 3.530492e-04
1.492550e+13 	 3.500433e-04
1.505836e+13 	 3.470608e-04
1.519241e+13 	 3.441016e-04
1.532765e+13 	 3.411655e-04
1.546410e+13 	 3.382524e-04
1.560176e+13 	 3.353620e-04
1.574064e+13 	 3.324943e-04
1.588077e+13 	 3.296489e-04
1.602214e+13 	 3.268258e-04
1.616476e+13 	 3.240248e-04
1.630866e+13 	 3.212457e-04
1.645384e+13 	 3.184883e-04
1.660031e+13 	 3.157526e-04
1.674808e+13 	 3.130382e-04
1.689717e+13 	 3.103452e-04
1.704759e+13 	 3.076732e-04
1.719935e+13 	 3.050222e-04
1.735246e+13 	 3.023919e-04
1.750693e+13 	 2.997823e-04
1.766277e+13 	 2.971932e-04
1.782000e+13 	 2.946244e-04
1.797864e+13 	 2.920758e-04
1.813868e+13 	 2.895472e-04
1.830015e+13 	 2.870385e-04
1.846305e+13 	 2.845495e-04
1.862741e+13 	 2.820801e-04
1.879323e+13 	 2.796301e-04
1.896053e+13 	 2.771993e-04
1.912931e+13 	 2.747878e-04
1.929960e+13 	 2.723952e-04
1.947140e+13 	 2.700214e-04
1.964474e+13 	 2.676664e-04
1.981961e+13 	 2.653300e-04
1.999604e+13 	 2.630120e-04
2.017405e+13 	 2.607123e-04
2.035363e+13 	 2.584308e-04
2.053482e+13 	 2.561672e-04
2.071762e+13 	 2.539216e-04
2.090205e+13 	 2.516938e-04
2.108812e+13 	 2.494835e-04
2.127584e+13 	 2.472908e-04
2.146524e+13 	 2.451154e-04
2.165632e+13 	 2.429573e-04
2.184910e+13 	 2.408162e-04
2.204360e+13 	 2.386922e-04
2.223983e+13 	 2.365850e-04
2.243781e+13 	 2.344946e-04
2.263755e+13 	 2.324207e-04
2.283906e+13 	 2.303633e-04
2.304237e+13 	 2.283223e-04
2.324750e+13 	 2.262976e-04
2.345444e+13 	 2.242889e-04
2.366323e+13 	 2.222963e-04
2.387388e+13 	 2.203195e-04
2.408640e+13 	 2.183585e-04
2.430082e+13 	 2.164131e-04
2.451714e+13 	 2.144833e-04
2.473539e+13 	 2.125689e-04
2.495559e+13 	 2.106697e-04
2.517774e+13 	 2.087858e-04
2.540187e+13 	 2.069168e-04
2.562799e+13 	 2.050628e-04
2.585613e+13 	 2.032237e-04
2.608630e+13 	 2.013992e-04
2.631852e+13 	 1.995894e-04
2.655280e+13 	 1.977940e-04
2.678917e+13 	 1.960130e-04
2.702765e+13 	 1.942463e-04
2.726825e+13 	 1.924937e-04
2.751099e+13 	 1.907552e-04
2.775589e+13 	 1.890306e-04
2.800297e+13 	 1.873198e-04
2.825225e+13 	 1.856228e-04
2.850375e+13 	 1.839394e-04
2.875749e+13 	 1.822695e-04
2.901348e+13 	 1.806130e-04
2.927176e+13 	 1.789699e-04
2.953233e+13 	 1.773399e-04
2.979523e+13 	 1.757231e-04
3.006046e+13 	 1.741193e-04
3.032806e+13 	 1.725284e-04
3.059803e+13 	 1.709503e-04
3.087042e+13 	 1.693850e-04
3.114522e+13 	 1.678323e-04
3.142247e+13 	 1.662921e-04
3.170219e+13 	 1.647644e-04
3.198440e+13 	 1.632490e-04
3.226913e+13 	 1.617459e-04
3.255638e+13 	 1.602549e-04
3.284620e+13 	 1.587760e-04
3.313859e+13 	 1.573090e-04
3.343359e+13 	 1.558540e-04
3.373121e+13 	 1.544108e-04
3.403149e+13 	 1.529792e-04
3.433443e+13 	 1.515593e-04
3.464007e+13 	 1.501510e-04
3.494844e+13 	 1.487541e-04
3.525954e+13 	 1.473685e-04
3.557342e+13 	 1.459943e-04
3.589009e+13 	 1.446312e-04
3.620958e+13 	 1.432793e-04
3.653192e+13 	 1.419383e-04
3.685712e+13 	 1.406084e-04
3.718522e+13 	 1.392893e-04
3.751624e+13 	 1.379810e-04
3.785021e+13 	 1.366833e-04
3.818715e+13 	 1.353964e-04
3.852709e+13 	 1.341199e-04
3.887005e+13 	 1.328540e-04
3.921607e+13 	 1.315984e-04
3.956517e+13 	 1.303532e-04
3.991737e+13 	 1.291181e-04
4.027271e+13 	 1.278933e-04
4.063122e+13 	 1.266785e-04
4.099291e+13 	 1.254738e-04
4.135783e+13 	 1.242790e-04
4.172599e+13 	 1.230940e-04
4.209743e+13 	 1.219189e-04
4.247218e+13 	 1.207535e-04
4.285027e+13 	 1.195977e-04
4.323172e+13 	 1.184515e-04
4.361656e+13 	 1.173148e-04
4.400483e+13 	 1.161875e-04
4.439656e+13 	 1.150696e-04
4.479177e+13 	 1.139610e-04
4.519051e+13 	 1.128617e-04
4.559279e+13 	 1.117715e-04
4.599865e+13 	 1.106903e-04
4.640813e+13 	 1.096183e-04
4.682125e+13 	 1.085551e-04
4.723805e+13 	 1.075009e-04
4.765856e+13 	 1.064555e-04
4.808281e+13 	 1.054189e-04
4.851084e+13 	 1.043909e-04
4.894268e+13 	 1.033716e-04
4.937836e+13 	 1.023609e-04
4.981792e+13 	 1.013586e-04
5.026140e+13 	 1.003648e-04
5.070882e+13 	 9.937941e-05
5.116023e+13 	 9.840229e-05
5.161565e+13 	 9.743341e-05
5.207513e+13 	 9.647270e-05
5.253870e+13 	 9.552011e-05
5.300639e+13 	 9.457557e-05
5.347825e+13 	 9.363902e-05
5.395431e+13 	 9.271040e-05
5.443461e+13 	 9.178964e-05
5.491918e+13 	 9.087668e-05
5.540807e+13 	 8.997147e-05
5.590130e+13 	 8.907395e-05
5.639893e+13 	 8.818406e-05
5.690099e+13 	 8.730173e-05
5.740752e+13 	 8.642691e-05
5.791856e+13 	 8.555955e-05
5.843414e+13 	 8.469958e-05
5.895432e+13 	 8.384695e-05
5.947912e+13 	 8.300160e-05
6.000860e+13 	 8.216348e-05
6.054279e+13 	 8.133254e-05
6.108174e+13 	 8.050872e-05
6.162548e+13 	 7.969195e-05
6.217407e+13 	 7.888220e-05
6.272754e+13 	 7.807941e-05
6.328593e+13 	 7.728352e-05
6.384930e+13 	 7.649449e-05
6.441768e+13 	 7.571226e-05
6.499112e+13 	 7.493677e-05
6.556967e+13 	 7.416799e-05
6.615336e+13 	 7.340585e-05
6.674225e+13 	 7.265031e-05
6.733639e+13 	 7.190132e-05
6.793581e+13 	 7.115883e-05
6.854057e+13 	 7.042278e-05
6.915071e+13 	 6.969314e-05
6.976629e+13 	 6.896986e-05
7.038734e+13 	 6.825287e-05
7.101392e+13 	 6.754215e-05
7.164608e+13 	 6.683764e-05
7.228387e+13 	 6.613929e-05
7.292733e+13 	 6.544706e-05
7.357653e+13 	 6.476091e-05
7.423150e+13 	 6.408078e-05
7.489230e+13 	 6.340663e-05
7.555899e+13 	 6.273842e-05
7.623161e+13 	 6.207610e-05
7.691021e+13 	 6.141964e-05
7.759486e+13 	 6.076897e-05
7.828561e+13 	 6.012407e-05
7.898250e+13 	 5.948489e-05
7.968559e+13 	 5.885138e-05
8.039495e+13 	 5.822351e-05
8.111062e+13 	 5.760123e-05
8.183266e+13 	 5.698450e-05
8.256112e+13 	 5.637327e-05
8.329608e+13 	 5.576751e-05
8.403757e+13 	 5.516718e-05
8.478567e+13 	 5.457224e-05
8.554042e+13 	 5.398264e-05
8.630190e+13 	 5.339834e-05
8.707015e+13 	 5.281931e-05
8.784524e+13 	 5.224551e-05
8.862723e+13 	 5.167690e-05
8.941618e+13 	 5.111343e-05
9.021216e+13 	 5.055507e-05
9.101522e+13 	 5.000179e-05
9.182543e+13 	 4.945354e-05
9.264285e+13 	 4.891028e-05
9.346755e+13 	 4.837199e-05
9.429959e+13 	 4.783862e-05
9.513904e+13 	 4.731013e-05
9.598596e+13 	 4.678649e-05
9.684042e+13 	 4.626766e-05
9.770248e+13 	 4.575361e-05
9.857222e+13 	 4.524429e-05
9.944970e+13 	 4.473969e-05
1.003350e+14 	 4.423975e-05
1.012282e+14 	 4.374443e-05
1.021293e+14 	 4.325372e-05
1.030384e+14 	 4.276755e-05
1.039557e+14 	 4.228590e-05
1.048811e+14 	 4.180874e-05
1.058147e+14 	 4.133602e-05
1.067567e+14 	 4.086770e-05
1.077070e+14 	 4.040376e-05
1.086658e+14 	 3.994416e-05
1.096332e+14 	 3.948886e-05
1.106091e+14 	 3.903783e-05
1.115937e+14 	 3.859104e-05
1.125871e+14 	 3.814844e-05
1.135894e+14 	 3.771001e-05
1.146005e+14 	 3.727572e-05
1.156207e+14 	 3.684553e-05
1.166499e+14 	 3.641940e-05
1.176884e+14 	 3.599731e-05
1.187360e+14 	 3.557922e-05
1.197930e+14 	 3.516511e-05
1.208594e+14 	 3.475493e-05
1.219352e+14 	 3.434867e-05
1.230207e+14 	 3.394628e-05
1.241158e+14 	 3.354774e-05
1.252207e+14 	 3.315302e-05
1.263354e+14 	 3.276208e-05
1.274600e+14 	 3.237490e-05
1.285947e+14 	 3.199145e-05
1.297394e+14 	 3.161170e-05
1.308943e+14 	 3.123561e-05
1.320595e+14 	 3.086317e-05
1.332351e+14 	 3.049433e-05
1.344212e+14 	 3.012908e-05
1.356178e+14 	 2.976739e-05
1.368250e+14 	 2.940922e-05
1.380430e+14 	 2.905455e-05
1.392719e+14 	 2.870336e-05
1.405117e+14 	 2.835560e-05
1.417625e+14 	 2.801127e-05
1.430245e+14 	 2.767033e-05
1.442977e+14 	 2.733275e-05
1.455822e+14 	 2.699851e-05
1.468781e+14 	 2.666758e-05
1.481856e+14 	 2.633993e-05
1.495048e+14 	 2.601555e-05
1.508356e+14 	 2.569440e-05
1.521784e+14 	 2.537645e-05
1.535331e+14 	 2.506170e-05
1.548998e+14 	 2.475010e-05
1.562787e+14 	 2.444163e-05
1.576699e+14 	 2.413628e-05
1.590734e+14 	 2.383401e-05
1.604895e+14 	 2.353480e-05
1.619182e+14 	 2.323862e-05
1.633595e+14 	 2.294546e-05
1.648138e+14 	 2.265529e-05
1.662809e+14 	 2.236808e-05
1.677611e+14 	 2.208381e-05
1.692545e+14 	 2.180247e-05
1.707612e+14 	 2.152402e-05
1.722813e+14 	 2.124844e-05
1.738150e+14 	 2.097571e-05
1.753622e+14 	 2.070580e-05
1.769233e+14 	 2.043871e-05
1.784983e+14 	 2.017439e-05
1.800872e+14 	 1.991284e-05
1.816904e+14 	 1.965402e-05
1.833078e+14 	 1.939792e-05
1.849395e+14 	 1.914452e-05
1.865859e+14 	 1.889378e-05
1.882468e+14 	 1.864570e-05
1.899226e+14 	 1.840025e-05
1.916133e+14 	 1.815741e-05
1.933190e+14 	 1.791716e-05
1.950399e+14 	 1.767948e-05
1.967761e+14 	 1.744434e-05
1.985278e+14 	 1.721173e-05
2.002951e+14 	 1.698162e-05
2.020781e+14 	 1.675400e-05
2.038770e+14 	 1.652885e-05
2.056919e+14 	 1.630613e-05
2.075229e+14 	 1.608584e-05
2.093703e+14 	 1.586795e-05
2.112341e+14 	 1.565243e-05
2.131145e+14 	 1.543927e-05
2.150116e+14 	 1.522845e-05
2.169256e+14 	 1.501994e-05
2.188567e+14 	 1.481373e-05
2.208049e+14 	 1.460980e-05
2.227705e+14 	 1.440811e-05
2.247536e+14 	 1.420867e-05
2.267543e+14 	 1.401144e-05
2.287729e+14 	 1.381641e-05
2.308094e+14 	 1.362355e-05
2.328640e+14 	 1.343285e-05
2.349370e+14 	 1.324430e-05
2.370283e+14 	 1.305786e-05
2.391384e+14 	 1.287352e-05
2.412671e+14 	 1.269127e-05
2.434149e+14 	 1.251109e-05
2.455817e+14 	 1.233295e-05
2.477679e+14 	 1.215684e-05
2.499735e+14 	 1.198274e-05
2.521987e+14 	 1.181064e-05
2.544438e+14 	 1.164051e-05
2.567088e+14 	 1.147235e-05
2.589940e+14 	 1.130612e-05
2.612996e+14 	 1.114182e-05
2.636256e+14 	 1.097943e-05
2.659724e+14 	 1.081893e-05
2.683401e+14 	 1.066030e-05
2.707288e+14 	 1.050354e-05
2.731388e+14 	 1.034861e-05
2.755703e+14 	 1.019551e-05
2.780234e+14 	 1.004422e-05
2.804983e+14 	 9.894724e-06
2.829953e+14 	 9.747005e-06
2.855145e+14 	 9.601047e-06
2.880561e+14 	 9.456836e-06
2.906204e+14 	 9.314355e-06
2.932075e+14 	 9.173589e-06
2.958176e+14 	 9.034524e-06
2.984509e+14 	 8.897142e-06
3.011077e+14 	 8.761431e-06
3.037881e+14 	 8.627374e-06
3.064924e+14 	 8.494956e-06
3.092208e+14 	 8.364164e-06
3.119735e+14 	 8.234981e-06
3.147506e+14 	 8.107394e-06
3.175525e+14 	 7.981389e-06
3.203793e+14 	 7.856950e-06
3.232313e+14 	 7.734063e-06
3.261087e+14 	 7.612715e-06
3.290117e+14 	 7.492891e-06
3.319405e+14 	 7.374577e-06
3.348954e+14 	 7.257759e-06
3.378766e+14 	 7.142424e-06
3.408844e+14 	 7.028557e-06
3.439189e+14 	 6.916145e-06
3.469805e+14 	 6.805175e-06
3.500692e+14 	 6.695632e-06
3.531855e+14 	 6.587504e-06
3.563296e+14 	 6.480778e-06
3.595016e+14 	 6.375439e-06
3.627018e+14 	 6.271475e-06
3.659306e+14 	 6.168874e-06
3.691881e+14 	 6.067620e-06
3.724745e+14 	 5.967703e-06
3.757903e+14 	 5.869109e-06
3.791355e+14 	 5.771825e-06
3.825106e+14 	 5.675839e-06
3.859156e+14 	 5.581138e-06
3.893510e+14 	 5.487710e-06
3.928170e+14 	 5.395542e-06
3.963138e+14 	 5.304621e-06
3.998418e+14 	 5.214937e-06
4.034011e+14 	 5.126475e-06
4.069922e+14 	 5.039224e-06
4.106152e+14 	 4.953173e-06
4.142704e+14 	 4.868308e-06
4.179582e+14 	 4.784616e-06
4.216789e+14 	 4.702085e-06
4.254326e+14 	 4.620703e-06
4.292198e+14 	 4.540456e-06
4.330407e+14 	 4.461333e-06
4.368956e+14 	 4.383322e-06
4.407848e+14 	 4.306410e-06
4.447086e+14 	 4.230586e-06
4.486674e+14 	 4.155838e-06
4.526614e+14 	 4.082154e-06
4.566909e+14 	 4.009523e-06
4.607563e+14 	 3.937932e-06
4.648579e+14 	 3.867372e-06
4.689961e+14 	 3.797830e-06
4.731710e+14 	 3.729296e-06
4.773832e+14 	 3.661758e-06
4.816328e+14 	 3.595205e-06
4.859202e+14 	 3.529627e-06
4.902459e+14 	 3.465013e-06
4.946100e+14 	 3.401352e-06
4.990130e+14 	 3.338634e-06
5.034551e+14 	 3.276848e-06
5.079369e+14 	 3.215984e-06
5.124585e+14 	 3.156031e-06
5.170203e+14 	 3.096980e-06
5.216228e+14 	 3.038820e-06
5.262663e+14 	 2.981541e-06
5.309510e+14 	 2.925133e-06
5.356775e+14 	 2.869587e-06
5.404461e+14 	 2.814892e-06
5.452571e+14 	 2.761040e-06
5.501109e+14 	 2.708019e-06
5.550079e+14 	 2.655821e-06
5.599486e+14 	 2.604437e-06
5.649332e+14 	 2.553856e-06
5.699622e+14 	 2.504070e-06
5.750359e+14 	 2.455069e-06
5.801549e+14 	 2.406845e-06
5.853194e+14 	 2.359387e-06
5.905298e+14 	 2.312688e-06
5.957867e+14 	 2.266737e-06
6.010903e+14 	 2.221527e-06
6.064412e+14 	 2.177048e-06
6.118397e+14 	 2.133292e-06
6.172862e+14 	 2.090249e-06
6.227812e+14 	 2.047912e-06
6.283252e+14 	 2.006272e-06
6.339185e+14 	 1.965320e-06
6.395616e+14 	 1.925048e-06
6.452549e+14 	 1.885447e-06
6.509989e+14 	 1.846510e-06
6.567940e+14 	 1.808227e-06
6.626408e+14 	 1.770592e-06
6.685395e+14 	 1.733595e-06
6.744908e+14 	 1.697229e-06
6.804951e+14 	 1.661485e-06
6.865528e+14 	 1.626357e-06
6.926644e+14 	 1.591835e-06
6.988305e+14 	 1.557913e-06
7.050514e+14 	 1.524582e-06
7.113277e+14 	 1.491835e-06
7.176599e+14 	 1.459664e-06
7.240484e+14 	 1.428062e-06
7.304938e+14 	 1.397021e-06
7.369966e+14 	 1.366534e-06
7.435573e+14 	 1.336593e-06
7.501764e+14 	 1.307191e-06
7.568544e+14 	 1.278321e-06
7.635919e+14 	 1.249976e-06
7.703893e+14 	 1.222148e-06
7.772472e+14 	 1.194830e-06
7.841662e+14 	 1.168016e-06
7.911468e+14 	 1.141698e-06
7.981895e+14 	 1.115870e-06
8.052949e+14 	 1.090524e-06
8.124636e+14 	 1.065655e-06
8.196961e+14 	 1.041254e-06
8.269930e+14 	 1.017316e-06
8.343548e+14 	 9.938334e-07
8.417821e+14 	 9.707999e-07
8.492756e+14 	 9.482086e-07
8.568358e+14 	 9.260526e-07
8.644633e+14 	 9.043254e-07
8.721587e+14 	 8.830203e-07
8.799225e+14 	 8.621310e-07
8.877555e+14 	 8.416511e-07
8.956583e+14 	 8.215741e-07
9.036313e+14 	 8.018939e-07
9.116754e+14 	 7.826043e-07
9.197911e+14 	 7.636992e-07
9.279790e+14 	 7.451727e-07
9.362397e+14 	 7.270187e-07
9.445741e+14 	 7.092315e-07
9.529826e+14 	 6.918052e-07
9.614660e+14 	 6.747340e-07
9.700249e+14 	 6.580125e-07
9.786599e+14 	 6.416348e-07
9.873719e+14 	 6.255957e-07
9.961614e+14 	 6.098895e-07
1.005029e+15 	 5.945109e-07
1.013976e+15 	 5.794545e-07
1.023002e+15 	 5.647152e-07
1.032109e+15 	 5.502877e-07
1.041297e+15 	 5.361668e-07
1.050566e+15 	 5.223475e-07
1.059918e+15 	 5.088249e-07
1.069353e+15 	 4.955938e-07
1.078873e+15 	 4.826495e-07
1.088477e+15 	 4.699870e-07
1.098166e+15 	 4.576017e-07
1.107942e+15 	 4.454887e-07
1.117805e+15 	 4.336435e-07
1.127756e+15 	 4.220614e-07
1.137795e+15 	 4.107378e-07
1.147923e+15 	 3.996683e-07
1.158142e+15 	 3.888484e-07
1.168452e+15 	 3.782737e-07
1.178853e+15 	 3.679398e-07
1.189347e+15 	 3.578426e-07
1.199935e+15 	 3.479777e-07
1.210616e+15 	 3.383410e-07
1.221393e+15 	 3.289284e-07
1.232266e+15 	 3.197357e-07
1.243235e+15 	 3.107590e-07
1.254303e+15 	 3.019942e-07
1.265468e+15 	 2.934375e-07
1.276733e+15 	 2.850849e-07
1.288099e+15 	 2.769327e-07
1.299565e+15 	 2.689770e-07
1.311134e+15 	 2.612142e-07
1.322806e+15 	 2.536406e-07
1.334581e+15 	 2.462524e-07
1.346461e+15 	 2.390462e-07
1.358447e+15 	 2.320184e-07
1.370540e+15 	 2.251655e-07
1.382741e+15 	 2.184841e-07
1.395050e+15 	 2.119707e-07
1.407468e+15 	 2.056220e-07
1.419998e+15 	 1.994348e-07
1.432638e+15 	 1.934057e-07
1.445391e+15 	 1.875316e-07
1.458258e+15 	 1.818092e-07
1.471239e+15 	 1.762355e-07
1.484336e+15 	 1.708073e-07
1.497550e+15 	 1.655217e-07
1.510881e+15 	 1.603757e-07
1.524331e+15 	 1.553662e-07
1.537900e+15 	 1.504904e-07
1.551590e+15 	 1.457454e-07
1.565402e+15 	 1.411284e-07
1.579337e+15 	 1.366367e-07
1.593397e+15 	 1.322675e-07
1.607581e+15 	 1.280181e-07
1.621891e+15 	 1.238858e-07
1.636329e+15 	 1.198681e-07
1.650896e+15 	 1.159624e-07
1.665592e+15 	 1.121661e-07
1.680419e+15 	 1.084768e-07
1.695378e+15 	 1.048920e-07
1.710470e+15 	 1.014093e-07
1.725696e+15 	 9.802611e-08
1.741058e+15 	 9.474021e-08
1.756557e+15 	 9.154922e-08
1.772194e+15 	 8.845088e-08
1.787970e+15 	 8.544293e-08
1.803886e+15 	 8.252319e-08
1.819944e+15 	 7.968951e-08
1.836145e+15 	 7.693978e-08
1.852491e+15 	 7.427193e-08
1.868981e+15 	 7.168394e-08
1.885619e+15 	 6.917382e-08
1.902404e+15 	 6.673962e-08
1.919339e+15 	 6.437945e-08
1.936425e+15 	 6.209142e-08
1.953663e+15 	 5.987371e-08
1.971054e+15 	 5.772453e-08
1.988601e+15 	 5.564211e-08
2.006303e+15 	 5.362473e-08
2.024163e+15 	 5.167070e-08
2.042182e+15 	 4.977838e-08
2.060361e+15 	 4.794613e-08
2.078702e+15 	 4.617238e-08
2.097207e+15 	 4.445556e-08
2.115876e+15 	 4.279416e-08
2.134711e+15 	 4.118670e-08
2.153714e+15 	 3.963170e-08
2.172886e+15 	 3.812775e-08
2.192229e+15 	 3.667344e-08
2.211744e+15 	 3.526741e-08
2.231433e+15 	 3.390833e-08
2.251297e+15 	 3.259488e-08
2.271338e+15 	 3.132578e-08
2.291557e+15 	 3.009978e-08
2.311957e+15 	 2.891566e-08
2.332537e+15 	 2.777222e-08
2.353301e+15 	 2.666828e-08
2.374250e+15 	 2.560271e-08
2.395386e+15 	 2.457438e-08
2.416709e+15 	 2.358221e-08
2.438223e+15 	 2.262512e-08
2.459927e+15 	 2.170207e-08
2.481825e+15 	 2.081205e-08
2.503919e+15 	 1.995405e-08
2.526208e+15 	 1.912711e-08
2.548696e+15 	 1.833028e-08
2.571385e+15 	 1.756263e-08
2.594275e+15 	 1.682326e-08
2.617369e+15 	 1.611129e-08
2.640668e+15 	 1.542585e-08
2.664175e+15 	 1.476612e-08
2.687892e+15 	 1.413127e-08
2.711819e+15 	 1.352051e-08
2.735959e+15 	 1.293307e-08
2.760315e+15 	 1.236817e-08
2.784887e+15 	 1.182509e-08
2.809678e+15 	 1.130312e-08
2.834689e+15 	 1.080154e-08
2.859923e+15 	 1.031969e-08
2.885382e+15 	 9.856887e-09
2.911068e+15 	 9.412502e-09
2.936982e+15 	 8.985904e-09
2.963126e+15 	 8.576481e-09
2.989504e+15 	 8.183642e-09
3.016116e+15 	 7.806810e-09
3.042965e+15 	 7.445423e-09
3.070054e+15 	 7.098938e-09
3.097383e+15 	 6.766826e-09
3.124956e+15 	 6.448572e-09
3.152774e+15 	 6.143677e-09
3.180840e+15 	 5.851659e-09
3.209155e+15 	 5.572045e-09
3.237723e+15 	 5.304381e-09
3.266545e+15 	 5.048224e-09
3.295623e+15 	 4.803146e-09
3.324961e+15 	 4.568729e-09
3.354559e+15 	 4.344572e-09
3.384421e+15 	 4.130284e-09
3.414549e+15 	 3.925487e-09
3.444945e+15 	 3.729812e-09
3.475612e+15 	 3.542901e-09
3.506551e+15 	 3.364409e-09
3.537766e+15 	 3.194000e-09
3.569259e+15 	 3.031352e-09
3.601032e+15 	 2.876154e-09
3.633088e+15 	 2.728103e-09
3.665430e+15 	 2.586911e-09
3.698059e+15 	 2.452297e-09
3.730979e+15 	 2.323990e-09
3.764192e+15 	 2.201730e-09
3.797700e+15 	 2.085265e-09
3.831507e+15 	 1.974353e-09
3.865615e+15 	 1.868760e-09
3.900026e+15 	 1.768261e-09
3.934744e+15 	 1.672639e-09
3.969771e+15 	 1.581684e-09
4.005109e+15 	 1.495195e-09
4.040763e+15 	 1.412979e-09
4.076733e+15 	 1.334848e-09
4.113024e+15 	 1.260623e-09
4.149638e+15 	 1.190131e-09
4.186577e+15 	 1.123206e-09
4.223846e+15 	 1.059688e-09
4.261446e+15 	 9.994234e-10
4.299381e+15 	 9.422639e-10
4.337654e+15 	 8.880678e-10
4.376267e+15 	 8.366987e-10
4.415225e+15 	 7.880256e-10
4.454529e+15 	 7.419229e-10
4.494182e+15 	 6.982697e-10
4.534189e+15 	 6.569503e-10
4.574552e+15 	 6.178536e-10
4.615274e+15 	 5.808732e-10
4.656359e+15 	 5.459069e-10
4.697810e+15 	 5.128570e-10
4.739629e+15 	 4.816296e-10
4.781821e+15 	 4.521351e-10
4.824388e+15 	 4.242875e-10
4.867335e+15 	 3.980047e-10
4.910663e+15 	 3.732079e-10
4.954378e+15 	 3.498220e-10
4.998481e+15 	 3.277751e-10
5.042977e+15 	 3.069984e-10
5.087869e+15 	 2.874263e-10
5.133161e+15 	 2.689962e-10
5.178856e+15 	 2.516481e-10
5.224958e+15 	 2.353250e-10
5.271470e+15 	 2.199724e-10
5.318396e+15 	 2.055384e-10
5.365740e+15 	 1.919734e-10
5.413505e+15 	 1.792304e-10
5.461696e+15 	 1.672644e-10
5.510316e+15 	 1.560326e-10
5.559368e+15 	 1.454944e-10
5.608857e+15 	 1.356110e-10
5.658787e+15 	 1.263457e-10
5.709161e+15 	 1.176634e-10
5.759983e+15 	 1.095310e-10
5.811258e+15 	 1.019168e-10
5.862989e+15 	 9.479093e-11
5.915181e+15 	 8.812495e-11
5.967838e+15 	 8.189191e-11
6.020963e+15 	 7.606623e-11
6.074561e+15 	 7.062371e-11
6.128636e+15 	 6.554140e-11
6.183193e+15 	 6.079758e-11
6.238235e+15 	 5.637172e-11
6.293767e+15 	 5.224436e-11
6.349794e+15 	 4.839713e-11
6.406319e+15 	 4.481267e-11
6.463348e+15 	 4.147456e-11
6.520884e+15 	 3.836731e-11
6.578932e+15 	 3.547632e-11
6.637497e+15 	 3.278780e-11
6.696584e+15 	 3.028874e-11
6.756196e+15 	 2.796690e-11
6.816339e+15 	 2.581074e-11
6.877018e+15 	 2.380941e-11
6.938236e+15 	 2.195267e-11
7.000000e+15 	 2.023090e-11
