#Omega_b = 0.050000
#Omega_m = 0.300000
#Omega_de = 0.680000
#hubble = 0.700000
#w0 = -0.800000
#wa = 0.200000
#sigma8 = 0.800000
#n_s = 0.960000
#
#M m*dn/dm ;; M is in h^-1 Msun,  m*dn/dm in h^3 Mpc^-3. 
1.000000e+12 	 3.628198e-03
1.008902e+12 	 3.596749e-03
1.017883e+12 	 3.565556e-03
1.026944e+12 	 3.534644e-03
1.036086e+12 	 3.504011e-03
1.045309e+12 	 3.473630e-03
1.054614e+12 	 3.443497e-03
1.064002e+12 	 3.413612e-03
1.073474e+12 	 3.383965e-03
1.083030e+12 	 3.354564e-03
1.092671e+12 	 3.325404e-03
1.102398e+12 	 3.296484e-03
1.112211e+12 	 3.267800e-03
1.122112e+12 	 3.239353e-03
1.132101e+12 	 3.211138e-03
1.142179e+12 	 3.183156e-03
1.152347e+12 	 3.155403e-03
1.162605e+12 	 3.127878e-03
1.172954e+12 	 3.100580e-03
1.183396e+12 	 3.073506e-03
1.193930e+12 	 3.046654e-03
1.204558e+12 	 3.020024e-03
1.215281e+12 	 2.993612e-03
1.226100e+12 	 2.967418e-03
1.237014e+12 	 2.941439e-03
1.248026e+12 	 2.915674e-03
1.259136e+12 	 2.890121e-03
1.270345e+12 	 2.864779e-03
1.281653e+12 	 2.839645e-03
1.293062e+12 	 2.814718e-03
1.304573e+12 	 2.789997e-03
1.316186e+12 	 2.765480e-03
1.327903e+12 	 2.741165e-03
1.339724e+12 	 2.717050e-03
1.351650e+12 	 2.693135e-03
1.363682e+12 	 2.669228e-03
1.375821e+12 	 2.645703e-03
1.388069e+12 	 2.622369e-03
1.400425e+12 	 2.599152e-03
1.412892e+12 	 2.576242e-03
1.425469e+12 	 2.553520e-03
1.438159e+12 	 2.530985e-03
1.450961e+12 	 2.508636e-03
1.463877e+12 	 2.486470e-03
1.476909e+12 	 2.464486e-03
1.490056e+12 	 2.442682e-03
1.503320e+12 	 2.421144e-03
1.516703e+12 	 2.399522e-03
1.530204e+12 	 2.378260e-03
1.543826e+12 	 2.357173e-03
1.557569e+12 	 2.336055e-03
1.571435e+12 	 2.315289e-03
1.585423e+12 	 2.294885e-03
1.599537e+12 	 2.274462e-03
1.613776e+12 	 2.254209e-03
1.628141e+12 	 2.234125e-03
1.642635e+12 	 2.214207e-03
1.657257e+12 	 2.194455e-03
1.672010e+12 	 2.174867e-03
1.686894e+12 	 2.155443e-03
1.701911e+12 	 2.136179e-03
1.717061e+12 	 2.117333e-03
1.732346e+12 	 2.098164e-03
1.747768e+12 	 2.079378e-03
1.763326e+12 	 2.060748e-03
1.779023e+12 	 2.042277e-03
1.794860e+12 	 2.023951e-03
1.810837e+12 	 2.005782e-03
1.826957e+12 	 1.987764e-03
1.843221e+12 	 1.969895e-03
1.859629e+12 	 1.952087e-03
1.876183e+12 	 1.934535e-03
1.892885e+12 	 1.917131e-03
1.909735e+12 	 1.899873e-03
1.926735e+12 	 1.882761e-03
1.943887e+12 	 1.865793e-03
1.961191e+12 	 1.848969e-03
1.978650e+12 	 1.832286e-03
1.996263e+12 	 1.815766e-03
2.014034e+12 	 1.799344e-03
2.031963e+12 	 1.783062e-03
2.050051e+12 	 1.766917e-03
2.068301e+12 	 1.750910e-03
2.086712e+12 	 1.735107e-03
2.105288e+12 	 1.719386e-03
2.124029e+12 	 1.703797e-03
2.142937e+12 	 1.688341e-03
2.162013e+12 	 1.673014e-03
2.181259e+12 	 1.657817e-03
2.200677e+12 	 1.642747e-03
2.220267e+12 	 1.627804e-03
2.240032e+12 	 1.612987e-03
2.259972e+12 	 1.598293e-03
2.280090e+12 	 1.583237e-03
2.300388e+12 	 1.568764e-03
2.320865e+12 	 1.554412e-03
2.341526e+12 	 1.540182e-03
2.362370e+12 	 1.526071e-03
2.383399e+12 	 1.512079e-03
2.404616e+12 	 1.498206e-03
2.426022e+12 	 1.484450e-03
2.447618e+12 	 1.470810e-03
2.469407e+12 	 1.457286e-03
2.491389e+12 	 1.443882e-03
2.513567e+12 	 1.430587e-03
2.535943e+12 	 1.417404e-03
2.558517e+12 	 1.404332e-03
2.581293e+12 	 1.391372e-03
2.604272e+12 	 1.378521e-03
2.627455e+12 	 1.365780e-03
2.650844e+12 	 1.353146e-03
2.674442e+12 	 1.340620e-03
2.698249e+12 	 1.328201e-03
2.722269e+12 	 1.316248e-03
2.746502e+12 	 1.303989e-03
2.770951e+12 	 1.291830e-03
2.795618e+12 	 1.279771e-03
2.820505e+12 	 1.267810e-03
2.845612e+12 	 1.255924e-03
2.870944e+12 	 1.244234e-03
2.896501e+12 	 1.232419e-03
2.922285e+12 	 1.220860e-03
2.948299e+12 	 1.209415e-03
2.974545e+12 	 1.198038e-03
3.001024e+12 	 1.186762e-03
3.027739e+12 	 1.175585e-03
3.054691e+12 	 1.164507e-03
3.081884e+12 	 1.153593e-03
3.109319e+12 	 1.142724e-03
3.136997e+12 	 1.131955e-03
3.164923e+12 	 1.121345e-03
3.193097e+12 	 1.110765e-03
3.221521e+12 	 1.100281e-03
3.250199e+12 	 1.089892e-03
3.279132e+12 	 1.079597e-03
3.308323e+12 	 1.069396e-03
3.337773e+12 	 1.059286e-03
3.367486e+12 	 1.049275e-03
3.397463e+12 	 1.039348e-03
3.427707e+12 	 1.029510e-03
3.458220e+12 	 1.019761e-03
3.489004e+12 	 1.010100e-03
3.520063e+12 	 1.000525e-03
3.551399e+12 	 9.910362e-04
3.583013e+12 	 9.816315e-04
3.614909e+12 	 9.723102e-04
3.647088e+12 	 9.630712e-04
3.679554e+12 	 9.539135e-04
3.712309e+12 	 9.448361e-04
3.745356e+12 	 9.358378e-04
3.778697e+12 	 9.269179e-04
3.812334e+12 	 9.180752e-04
3.846272e+12 	 9.093090e-04
3.880511e+12 	 9.006183e-04
3.915055e+12 	 8.920023e-04
3.949906e+12 	 8.834603e-04
3.985068e+12 	 8.749914e-04
4.020543e+12 	 8.665950e-04
4.056333e+12 	 8.582703e-04
4.092442e+12 	 8.500167e-04
4.128873e+12 	 8.418336e-04
4.165628e+12 	 8.337204e-04
4.202710e+12 	 8.256765e-04
4.240122e+12 	 8.177014e-04
4.277867e+12 	 8.097542e-04
4.315948e+12 	 8.019138e-04
4.354369e+12 	 7.941363e-04
4.393131e+12 	 7.864250e-04
4.432238e+12 	 7.788429e-04
4.471694e+12 	 7.712696e-04
4.511500e+12 	 7.636779e-04
4.551661e+12 	 7.562550e-04
4.592180e+12 	 7.488503e-04
4.633059e+12 	 7.415118e-04
4.674302e+12 	 7.342752e-04
4.715912e+12 	 7.271143e-04
4.757893e+12 	 7.199847e-04
4.800247e+12 	 7.129176e-04
4.842979e+12 	 7.059127e-04
4.886091e+12 	 6.989694e-04
4.929586e+12 	 6.920873e-04
4.973469e+12 	 6.852661e-04
5.017742e+12 	 6.785052e-04
5.062410e+12 	 6.718042e-04
5.107475e+12 	 6.651627e-04
5.152941e+12 	 6.585802e-04
5.198812e+12 	 6.520563e-04
5.245092e+12 	 6.455905e-04
5.291783e+12 	 6.391825e-04
5.338890e+12 	 6.328316e-04
5.386416e+12 	 6.265376e-04
5.434366e+12 	 6.203141e-04
5.482742e+12 	 6.141328e-04
5.531549e+12 	 6.080065e-04
5.580790e+12 	 6.019348e-04
5.630470e+12 	 5.959172e-04
5.680592e+12 	 5.899533e-04
5.731160e+12 	 5.840427e-04
5.782179e+12 	 5.781849e-04
5.833651e+12 	 5.723795e-04
5.885582e+12 	 5.666260e-04
5.937975e+12 	 5.609241e-04
5.990834e+12 	 5.552732e-04
6.044164e+12 	 5.496731e-04
6.097969e+12 	 5.441232e-04
6.152252e+12 	 5.386233e-04
6.207019e+12 	 5.331728e-04
6.262273e+12 	 5.277713e-04
6.318020e+12 	 5.224186e-04
6.374262e+12 	 5.171011e-04
6.431005e+12 	 5.118453e-04
6.488254e+12 	 5.066369e-04
6.546011e+12 	 5.014767e-04
6.604284e+12 	 4.963623e-04
6.663074e+12 	 4.912941e-04
6.722388e+12 	 4.862719e-04
6.782231e+12 	 4.812500e-04
6.842605e+12 	 4.763859e-04
6.903518e+12 	 4.714978e-04
6.964972e+12 	 4.666525e-04
7.026974e+12 	 4.618514e-04
7.089527e+12 	 4.570797e-04
7.152638e+12 	 4.523684e-04
7.216310e+12 	 4.477001e-04
7.280549e+12 	 4.430743e-04
7.345360e+12 	 4.384909e-04
7.410748e+12 	 4.339493e-04
7.476717e+12 	 4.294493e-04
7.543275e+12 	 4.249906e-04
7.610424e+12 	 4.205727e-04
7.678171e+12 	 4.161953e-04
7.746522e+12 	 4.118587e-04
7.815481e+12 	 4.075612e-04
7.885054e+12 	 4.033095e-04
7.955246e+12 	 3.990885e-04
8.026063e+12 	 3.949064e-04
8.097510e+12 	 3.907630e-04
8.169593e+12 	 3.866608e-04
8.242318e+12 	 3.825956e-04
8.315691e+12 	 3.785684e-04
8.389716e+12 	 3.745780e-04
8.464401e+12 	 3.706248e-04
8.539750e+12 	 3.667088e-04
8.615770e+12 	 3.628287e-04
8.692467e+12 	 3.589847e-04
8.769847e+12 	 3.551764e-04
8.847915e+12 	 3.514036e-04
8.926679e+12 	 3.476660e-04
9.006143e+12 	 3.439632e-04
9.086315e+12 	 3.402950e-04
9.167201e+12 	 3.366671e-04
9.248807e+12 	 3.330677e-04
9.331139e+12 	 3.295027e-04
9.414204e+12 	 3.259712e-04
9.498008e+12 	 3.224728e-04
9.582559e+12 	 3.190073e-04
9.667862e+12 	 3.155616e-04
9.753924e+12 	 3.121599e-04
9.840753e+12 	 3.087903e-04
9.928354e+12 	 3.054525e-04
1.001674e+13 	 3.021462e-04
1.010590e+13 	 2.988712e-04
1.019587e+13 	 2.956272e-04
1.028663e+13 	 2.924139e-04
1.037820e+13 	 2.892312e-04
1.047059e+13 	 2.860786e-04
1.056379e+13 	 2.829561e-04
1.065783e+13 	 2.798632e-04
1.075271e+13 	 2.767999e-04
1.084843e+13 	 2.737656e-04
1.094500e+13 	 2.707604e-04
1.104243e+13 	 2.677840e-04
1.114073e+13 	 2.648372e-04
1.123990e+13 	 2.619175e-04
1.133996e+13 	 2.589139e-04
1.144091e+13 	 2.560482e-04
1.154275e+13 	 2.532102e-04
1.164550e+13 	 2.505166e-04
1.174917e+13 	 2.477347e-04
1.185376e+13 	 2.449795e-04
1.195928e+13 	 2.422510e-04
1.206574e+13 	 2.395489e-04
1.217315e+13 	 2.368729e-04
1.228152e+13 	 2.342229e-04
1.239085e+13 	 2.315985e-04
1.250115e+13 	 2.289997e-04
1.261243e+13 	 2.264261e-04
1.272471e+13 	 2.238777e-04
1.283798e+13 	 2.213540e-04
1.295226e+13 	 2.188550e-04
1.306756e+13 	 2.163804e-04
1.318389e+13 	 2.139300e-04
1.330125e+13 	 2.115037e-04
1.341966e+13 	 2.091011e-04
1.353912e+13 	 2.067222e-04
1.365964e+13 	 2.043666e-04
1.378124e+13 	 2.020343e-04
1.390392e+13 	 1.997255e-04
1.402769e+13 	 1.974374e-04
1.415256e+13 	 1.951735e-04
1.427855e+13 	 1.929321e-04
1.440566e+13 	 1.907128e-04
1.453389e+13 	 1.885156e-04
1.466327e+13 	 1.863403e-04
1.479380e+13 	 1.841867e-04
1.492550e+13 	 1.820545e-04
1.505836e+13 	 1.799383e-04
1.519241e+13 	 1.778441e-04
1.532765e+13 	 1.757707e-04
1.546410e+13 	 1.737356e-04
1.560176e+13 	 1.717078e-04
1.574064e+13 	 1.697003e-04
1.588077e+13 	 1.677130e-04
1.602214e+13 	 1.657457e-04
1.616476e+13 	 1.637983e-04
1.630866e+13 	 1.618705e-04
1.645384e+13 	 1.599622e-04
1.660031e+13 	 1.581954e-04
1.674808e+13 	 1.563406e-04
1.689717e+13 	 1.545049e-04
1.704759e+13 	 1.526880e-04
1.719935e+13 	 1.507073e-04
1.735246e+13 	 1.489124e-04
1.750693e+13 	 1.471358e-04
1.766277e+13 	 1.453774e-04
1.782000e+13 	 1.436371e-04
1.797864e+13 	 1.419145e-04
1.813868e+13 	 1.402097e-04
1.830015e+13 	 1.385224e-04
1.846305e+13 	 1.368524e-04
1.862741e+13 	 1.351997e-04
1.879323e+13 	 1.335640e-04
1.896053e+13 	 1.319453e-04
1.912931e+13 	 1.303433e-04
1.929960e+13 	 1.287580e-04
1.947140e+13 	 1.271891e-04
1.964474e+13 	 1.256366e-04
1.981961e+13 	 1.241003e-04
1.999604e+13 	 1.225800e-04
2.017405e+13 	 1.210755e-04
2.035363e+13 	 1.195869e-04
2.053482e+13 	 1.181139e-04
2.071762e+13 	 1.166563e-04
2.090205e+13 	 1.152141e-04
2.108812e+13 	 1.137871e-04
2.127584e+13 	 1.123755e-04
2.146524e+13 	 1.109785e-04
2.165632e+13 	 1.095963e-04
2.184910e+13 	 1.082288e-04
2.204360e+13 	 1.068758e-04
2.223983e+13 	 1.056025e-04
2.243781e+13 	 1.042130e-04
2.263755e+13 	 1.029028e-04
2.283906e+13 	 1.016067e-04
2.304237e+13 	 1.003238e-04
2.324750e+13 	 9.905591e-05
2.345444e+13 	 9.780073e-05
2.366323e+13 	 9.655941e-05
2.387388e+13 	 9.533149e-05
2.408640e+13 	 9.411684e-05
2.430082e+13 	 9.291533e-05
2.451714e+13 	 9.172686e-05
2.473539e+13 	 9.055130e-05
2.495559e+13 	 8.938852e-05
2.517774e+13 	 8.823842e-05
2.540187e+13 	 8.710087e-05
2.562799e+13 	 8.597576e-05
2.585613e+13 	 8.459250e-05
2.608630e+13 	 8.348460e-05
2.631852e+13 	 8.239094e-05
2.655280e+13 	 8.131137e-05
2.678917e+13 	 8.024571e-05
2.702765e+13 	 7.919377e-05
2.726825e+13 	 7.815534e-05
2.751099e+13 	 7.713019e-05
2.775589e+13 	 7.611809e-05
2.800297e+13 	 7.511879e-05
2.825225e+13 	 7.413204e-05
2.850375e+13 	 7.315758e-05
2.875749e+13 	 7.219515e-05
2.901348e+13 	 7.124449e-05
2.927176e+13 	 7.030534e-05
2.953233e+13 	 6.937745e-05
2.979523e+13 	 6.846058e-05
3.006046e+13 	 6.755447e-05
3.032806e+13 	 6.665891e-05
3.059803e+13 	 6.577369e-05
3.087042e+13 	 6.489858e-05
3.114522e+13 	 6.403337e-05
3.142247e+13 	 6.317786e-05
3.170219e+13 	 6.233187e-05
3.198440e+13 	 6.149524e-05
3.226913e+13 	 6.066757e-05
3.255638e+13 	 5.984945e-05
3.284620e+13 	 5.904001e-05
3.313859e+13 	 5.823938e-05
3.343359e+13 	 5.747029e-05
3.373121e+13 	 5.667799e-05
3.403149e+13 	 5.589553e-05
3.433443e+13 	 5.512044e-05
3.464007e+13 	 5.436209e-05
3.494844e+13 	 5.360555e-05
3.525954e+13 	 5.285811e-05
3.557342e+13 	 5.211937e-05
3.589009e+13 	 5.138926e-05
3.620958e+13 	 5.066770e-05
3.653192e+13 	 4.995455e-05
3.685712e+13 	 4.925079e-05
3.718522e+13 	 4.855538e-05
3.751624e+13 	 4.786823e-05
3.785021e+13 	 4.718926e-05
3.818715e+13 	 4.651843e-05
3.852709e+13 	 4.585561e-05
3.887005e+13 	 4.520074e-05
3.921607e+13 	 4.455373e-05
3.956517e+13 	 4.391451e-05
3.991737e+13 	 4.328300e-05
4.027271e+13 	 4.265913e-05
4.063122e+13 	 4.204281e-05
4.099291e+13 	 4.143398e-05
4.135783e+13 	 4.083255e-05
4.172599e+13 	 4.023846e-05
4.209743e+13 	 3.965163e-05
4.247218e+13 	 3.907199e-05
4.285027e+13 	 3.849947e-05
4.323172e+13 	 3.793398e-05
4.361656e+13 	 3.737548e-05
4.400483e+13 	 3.682387e-05
4.439656e+13 	 3.627910e-05
4.479177e+13 	 3.574110e-05
4.519051e+13 	 3.520979e-05
4.559279e+13 	 3.468511e-05
4.599865e+13 	 3.416700e-05
4.640813e+13 	 3.365538e-05
4.682125e+13 	 3.315019e-05
4.723805e+13 	 3.265137e-05
4.765856e+13 	 3.215885e-05
4.808281e+13 	 3.167256e-05
4.851084e+13 	 3.119245e-05
4.894268e+13 	 3.071844e-05
4.937836e+13 	 3.025049e-05
4.981792e+13 	 2.978852e-05
5.026140e+13 	 2.933247e-05
5.070882e+13 	 2.888228e-05
5.116023e+13 	 2.843789e-05
5.161565e+13 	 2.799924e-05
5.207513e+13 	 2.756724e-05
5.253870e+13 	 2.714023e-05
5.300639e+13 	 2.671873e-05
5.347825e+13 	 2.630268e-05
5.395431e+13 	 2.589016e-05
5.443461e+13 	 2.548673e-05
5.491918e+13 	 2.508441e-05
5.540807e+13 	 2.468953e-05
5.590130e+13 	 2.429988e-05
5.639893e+13 	 2.391539e-05
5.690099e+13 	 2.353616e-05
5.740752e+13 	 2.316181e-05
5.791856e+13 	 2.279246e-05
5.843414e+13 	 2.242804e-05
5.895432e+13 	 2.206851e-05
5.947912e+13 	 2.171384e-05
6.000860e+13 	 2.136392e-05
6.054279e+13 	 2.101744e-05
6.108174e+13 	 2.067703e-05
6.162548e+13 	 2.034123e-05
6.217407e+13 	 2.001000e-05
6.272754e+13 	 1.968323e-05
6.328593e+13 	 1.936098e-05
6.384930e+13 	 1.904315e-05
6.441768e+13 	 1.872969e-05
6.499112e+13 	 1.842056e-05
6.556967e+13 	 1.811574e-05
6.615336e+13 	 1.781510e-05
6.674225e+13 	 1.751863e-05
6.733639e+13 	 1.722630e-05
6.793581e+13 	 1.693805e-05
6.854057e+13 	 1.665384e-05
6.915071e+13 	 1.637363e-05
6.976629e+13 	 1.609741e-05
7.038734e+13 	 1.582507e-05
7.101392e+13 	 1.555659e-05
7.164608e+13 	 1.529219e-05
7.228387e+13 	 1.503128e-05
7.292733e+13 	 1.477412e-05
7.357653e+13 	 1.452064e-05
7.423150e+13 	 1.427079e-05
7.489230e+13 	 1.402456e-05
7.555899e+13 	 1.378178e-05
7.623161e+13 	 1.354264e-05
7.691021e+13 	 1.330698e-05
7.759486e+13 	 1.307477e-05
7.828561e+13 	 1.284595e-05
7.898250e+13 	 1.262050e-05
7.968559e+13 	 1.239837e-05
8.039495e+13 	 1.217952e-05
8.111062e+13 	 1.196392e-05
8.183266e+13 	 1.175326e-05
8.256112e+13 	 1.154366e-05
8.329608e+13 	 1.133718e-05
8.403757e+13 	 1.113381e-05
8.478567e+13 	 1.093346e-05
8.554042e+13 	 1.073628e-05
8.630190e+13 	 1.054231e-05
8.707015e+13 	 1.035129e-05
8.784524e+13 	 1.016317e-05
8.862723e+13 	 9.977925e-06
8.941618e+13 	 9.795471e-06
9.021216e+13 	 9.615852e-06
9.101522e+13 	 9.439000e-06
9.182543e+13 	 9.264881e-06
9.264285e+13 	 9.093461e-06
9.346755e+13 	 8.924707e-06
9.429959e+13 	 8.758584e-06
9.513904e+13 	 8.595061e-06
9.598596e+13 	 8.434105e-06
9.684042e+13 	 8.275771e-06
9.770248e+13 	 8.119851e-06
9.857222e+13 	 7.966400e-06
9.944970e+13 	 7.815387e-06
1.003350e+14 	 7.666782e-06
1.012282e+14 	 7.520553e-06
1.021293e+14 	 7.376670e-06
1.030384e+14 	 7.235033e-06
1.039557e+14 	 7.095812e-06
1.048811e+14 	 6.958785e-06
1.058147e+14 	 6.823986e-06
1.067567e+14 	 6.691385e-06
1.077070e+14 	 6.560953e-06
1.086658e+14 	 6.432663e-06
1.096332e+14 	 6.306504e-06
1.106091e+14 	 6.182389e-06
1.115937e+14 	 6.060399e-06
1.125871e+14 	 5.940437e-06
1.135894e+14 	 5.822366e-06
1.146005e+14 	 5.706346e-06
1.156207e+14 	 5.590363e-06
1.166499e+14 	 5.480124e-06
1.176884e+14 	 5.369847e-06
1.187360e+14 	 5.261464e-06
1.197930e+14 	 5.154407e-06
1.208594e+14 	 5.049836e-06
1.219352e+14 	 4.947054e-06
1.230207e+14 	 4.846057e-06
1.241158e+14 	 4.746776e-06
1.252207e+14 	 4.649209e-06
1.263354e+14 	 4.553333e-06
1.274600e+14 	 4.459125e-06
1.285947e+14 	 4.366560e-06
1.297394e+14 	 4.275616e-06
1.308943e+14 	 4.185675e-06
1.320595e+14 	 4.097830e-06
1.332351e+14 	 4.011543e-06
1.344212e+14 	 3.926794e-06
1.356178e+14 	 3.843558e-06
1.368250e+14 	 3.761826e-06
1.380430e+14 	 3.681554e-06
1.392719e+14 	 3.602731e-06
1.405117e+14 	 3.525338e-06
1.417625e+14 	 3.449352e-06
1.430245e+14 	 3.374754e-06
1.442977e+14 	 3.301522e-06
1.455822e+14 	 3.229636e-06
1.468781e+14 	 3.159077e-06
1.481856e+14 	 3.089825e-06
1.495048e+14 	 3.021852e-06
1.508356e+14 	 2.955151e-06
1.521784e+14 	 2.889700e-06
1.535331e+14 	 2.825480e-06
1.548998e+14 	 2.762478e-06
1.562787e+14 	 2.700663e-06
1.576699e+14 	 2.640022e-06
1.590734e+14 	 2.580537e-06
1.604895e+14 	 2.522191e-06
1.619182e+14 	 2.464965e-06
1.633595e+14 	 2.408843e-06
1.648138e+14 	 2.353808e-06
1.662809e+14 	 2.299841e-06
1.677611e+14 	 2.246927e-06
1.692545e+14 	 2.195049e-06
1.707612e+14 	 2.144190e-06
1.722813e+14 	 2.094335e-06
1.738150e+14 	 2.045466e-06
1.753622e+14 	 1.997568e-06
1.769233e+14 	 1.950626e-06
1.784983e+14 	 1.904624e-06
1.800872e+14 	 1.859534e-06
1.816904e+14 	 1.815376e-06
1.833078e+14 	 1.772092e-06
1.849395e+14 	 1.729711e-06
1.865859e+14 	 1.688490e-06
1.882468e+14 	 1.647738e-06
1.899226e+14 	 1.607824e-06
1.916133e+14 	 1.568731e-06
1.933190e+14 	 1.530449e-06
1.950399e+14 	 1.493029e-06
1.967761e+14 	 1.456399e-06
1.985278e+14 	 1.420534e-06
2.002951e+14 	 1.385426e-06
2.020781e+14 	 1.351060e-06
2.038770e+14 	 1.317423e-06
2.056919e+14 	 1.284503e-06
2.075229e+14 	 1.252287e-06
2.093703e+14 	 1.220763e-06
2.112341e+14 	 1.189918e-06
2.131145e+14 	 1.159742e-06
2.150116e+14 	 1.130221e-06
2.169256e+14 	 1.101344e-06
2.188567e+14 	 1.073100e-06
2.208049e+14 	 1.045477e-06
2.227705e+14 	 1.018464e-06
2.247536e+14 	 9.920502e-07
2.267543e+14 	 9.662245e-07
2.287729e+14 	 9.409761e-07
2.308094e+14 	 9.162944e-07
2.328640e+14 	 8.921680e-07
2.349370e+14 	 8.685878e-07
2.370283e+14 	 8.455460e-07
2.391384e+14 	 8.230283e-07
2.412671e+14 	 8.010264e-07
2.434149e+14 	 7.795308e-07
2.455817e+14 	 7.585317e-07
2.477679e+14 	 7.380199e-07
2.499735e+14 	 7.179858e-07
2.521987e+14 	 6.984205e-07
2.544438e+14 	 6.793147e-07
2.567088e+14 	 6.606597e-07
2.589940e+14 	 6.424465e-07
2.612996e+14 	 6.246667e-07
2.636256e+14 	 6.073116e-07
2.659724e+14 	 5.903729e-07
2.683401e+14 	 5.738423e-07
2.707288e+14 	 5.577117e-07
2.731388e+14 	 5.419730e-07
2.755703e+14 	 5.266184e-07
2.780234e+14 	 5.115937e-07
2.804983e+14 	 4.970118e-07
2.829953e+14 	 4.827901e-07
2.855145e+14 	 4.689194e-07
2.880561e+14 	 4.553884e-07
2.906204e+14 	 4.422003e-07
2.932075e+14 	 4.293471e-07
2.958176e+14 	 4.168115e-07
2.984509e+14 	 4.045930e-07
3.011077e+14 	 3.926844e-07
3.037881e+14 	 3.809275e-07
3.064924e+14 	 3.696091e-07
3.092208e+14 	 3.585828e-07
3.119735e+14 	 3.478430e-07
3.147506e+14 	 3.373822e-07
3.175525e+14 	 3.271950e-07
3.203793e+14 	 3.172753e-07
3.232313e+14 	 3.076173e-07
3.261087e+14 	 2.982153e-07
3.290117e+14 	 2.890665e-07
3.319405e+14 	 2.801592e-07
3.348954e+14 	 2.714911e-07
3.378766e+14 	 2.630568e-07
3.408844e+14 	 2.548509e-07
3.439189e+14 	 2.468683e-07
3.469805e+14 	 2.391014e-07
3.500692e+14 	 2.315503e-07
3.531855e+14 	 2.242075e-07
3.563296e+14 	 2.170681e-07
3.595016e+14 	 2.101273e-07
3.627018e+14 	 2.033806e-07
3.659306e+14 	 1.968233e-07
3.691881e+14 	 1.904509e-07
3.724745e+14 	 1.842591e-07
3.757903e+14 	 1.782436e-07
3.791355e+14 	 1.724000e-07
3.825106e+14 	 1.667241e-07
3.859156e+14 	 1.612125e-07
3.893510e+14 	 1.558603e-07
3.928170e+14 	 1.506640e-07
3.963138e+14 	 1.456201e-07
3.998418e+14 	 1.407237e-07
4.034011e+14 	 1.359722e-07
4.069922e+14 	 1.313694e-07
4.106152e+14 	 1.268903e-07
4.142704e+14 	 1.225455e-07
4.179582e+14 	 1.183317e-07
4.216789e+14 	 1.142455e-07
4.254326e+14 	 1.102836e-07
4.292198e+14 	 1.064429e-07
4.330407e+14 	 1.027200e-07
4.368956e+14 	 9.911227e-08
4.407848e+14 	 9.561641e-08
4.447086e+14 	 9.222950e-08
4.486674e+14 	 8.898118e-08
4.526614e+14 	 8.580469e-08
4.566909e+14 	 8.269385e-08
4.607563e+14 	 7.971440e-08
4.648579e+14 	 7.683002e-08
4.689961e+14 	 7.403810e-08
4.731710e+14 	 7.133610e-08
4.773832e+14 	 6.872153e-08
4.816328e+14 	 6.619194e-08
4.859202e+14 	 6.374496e-08
4.902459e+14 	 6.137826e-08
4.946100e+14 	 5.908869e-08
4.990130e+14 	 5.687665e-08
5.034551e+14 	 5.473735e-08
5.079369e+14 	 5.266953e-08
5.124585e+14 	 5.067113e-08
5.170203e+14 	 4.874014e-08
5.216228e+14 	 4.687457e-08
5.262663e+14 	 4.507250e-08
5.309510e+14 	 4.333206e-08
5.356775e+14 	 4.165142e-08
5.404461e+14 	 4.002880e-08
5.452571e+14 	 3.846244e-08
5.501109e+14 	 3.695066e-08
5.550079e+14 	 3.549181e-08
5.599486e+14 	 3.408427e-08
5.649332e+14 	 3.272647e-08
5.699622e+14 	 3.141688e-08
5.750359e+14 	 3.015402e-08
5.801549e+14 	 2.893643e-08
5.853194e+14 	 2.776270e-08
5.905298e+14 	 2.663145e-08
5.957867e+14 	 2.554136e-08
6.010903e+14 	 2.449033e-08
6.064412e+14 	 2.347799e-08
6.118397e+14 	 2.250306e-08
6.172862e+14 	 2.156433e-08
6.227812e+14 	 2.066065e-08
6.283252e+14 	 1.979426e-08
6.339185e+14 	 1.895759e-08
6.395616e+14 	 1.815257e-08
6.452549e+14 	 1.737394e-08
6.509989e+14 	 1.662895e-08
6.567940e+14 	 1.591265e-08
6.626408e+14 	 1.522398e-08
6.685395e+14 	 1.456207e-08
6.744908e+14 	 1.392599e-08
6.804951e+14 	 1.331487e-08
6.865528e+14 	 1.272779e-08
6.926644e+14 	 1.216402e-08
6.988305e+14 	 1.162279e-08
7.050514e+14 	 1.110316e-08
7.113277e+14 	 1.060443e-08
7.176599e+14 	 1.012587e-08
7.240484e+14 	 9.666769e-09
7.304938e+14 	 9.226418e-09
7.369966e+14 	 8.804147e-09
7.435573e+14 	 8.399335e-09
7.501764e+14 	 8.011285e-09
7.568544e+14 	 7.640452e-09
7.635919e+14 	 7.283124e-09
7.703893e+14 	 6.941841e-09
7.772472e+14 	 6.615006e-09
7.841662e+14 	 6.302078e-09
7.911468e+14 	 6.002535e-09
7.981895e+14 	 5.717779e-09
8.052949e+14 	 5.443330e-09
8.124636e+14 	 5.180799e-09
8.196961e+14 	 4.929729e-09
8.269930e+14 	 4.689677e-09
8.343548e+14 	 4.460215e-09
8.417821e+14 	 4.240928e-09
8.492756e+14 	 4.031417e-09
8.568358e+14 	 3.830567e-09
8.644633e+14 	 3.639574e-09
8.721587e+14 	 3.457227e-09
8.799225e+14 	 3.283584e-09
8.877555e+14 	 3.117405e-09
8.956583e+14 	 2.958871e-09
9.036313e+14 	 2.807668e-09
9.116754e+14 	 2.663495e-09
9.197911e+14 	 2.526060e-09
9.279790e+14 	 2.395081e-09
9.362397e+14 	 2.270289e-09
9.445741e+14 	 2.151421e-09
9.529826e+14 	 2.038178e-09
9.614660e+14 	 1.930422e-09
9.700249e+14 	 1.827900e-09
9.786599e+14 	 1.730309e-09
9.873719e+14 	 1.637475e-09
9.961614e+14 	 1.549191e-09
1.005029e+15 	 1.465256e-09
1.013976e+15 	 1.385478e-09
1.023002e+15 	 1.309672e-09
1.032109e+15 	 1.237661e-09
1.041297e+15 	 1.169272e-09
1.050566e+15 	 1.104640e-09
1.059918e+15 	 1.043009e-09
1.069353e+15 	 9.845273e-10
1.078873e+15 	 9.290494e-10
1.088477e+15 	 8.764368e-10
1.098166e+15 	 8.265558e-10
1.107942e+15 	 7.792787e-10
1.117805e+15 	 7.344826e-10
1.127756e+15 	 6.920502e-10
1.137795e+15 	 6.518685e-10
1.147923e+15 	 6.138299e-10
1.158142e+15 	 5.778308e-10
1.168452e+15 	 5.437724e-10
1.178853e+15 	 5.115599e-10
1.189347e+15 	 4.811028e-10
1.199935e+15 	 4.523143e-10
1.210616e+15 	 4.251117e-10
1.221393e+15 	 3.994156e-10
1.232266e+15 	 3.751503e-10
1.243235e+15 	 3.522435e-10
1.254303e+15 	 3.306262e-10
1.265468e+15 	 3.102323e-10
1.276733e+15 	 2.909990e-10
1.288099e+15 	 2.728660e-10
1.299565e+15 	 2.557762e-10
1.311134e+15 	 2.396749e-10
1.322806e+15 	 2.245101e-10
1.334581e+15 	 2.102320e-10
1.346461e+15 	 1.967934e-10
1.358447e+15 	 1.841446e-10
1.370540e+15 	 1.722168e-10
1.382741e+15 	 1.610393e-10
1.395050e+15 	 1.505335e-10
1.407468e+15 	 1.406624e-10
1.419998e+15 	 1.313911e-10
1.432638e+15 	 1.226861e-10
1.445391e+15 	 1.145302e-10
1.458258e+15 	 1.068498e-10
1.471239e+15 	 9.966039e-11
1.484336e+15 	 9.293224e-11
1.497550e+15 	 8.661326e-11
1.510881e+15 	 8.069313e-11
1.524331e+15 	 7.514895e-11
1.537900e+15 	 6.995878e-11
1.551590e+15 	 6.509729e-11
1.565402e+15 	 6.055507e-11
1.579337e+15 	 5.630770e-11
1.593397e+15 	 5.233758e-11
1.607581e+15 	 4.862806e-11
1.621891e+15 	 4.516339e-11
1.636329e+15 	 4.192867e-11
1.650896e+15 	 3.890985e-11
1.665592e+15 	 3.608840e-11
1.680419e+15 	 3.344434e-11
1.695378e+15 	 3.098125e-11
1.710470e+15 	 2.873671e-11
1.725696e+15 	 2.661452e-11
1.741058e+15 	 2.463686e-11
1.756557e+15 	 2.279646e-11
1.772194e+15 	 2.108451e-11
1.787970e+15 	 1.949272e-11
1.803886e+15 	 1.801329e-11
1.819944e+15 	 1.663888e-11
1.836145e+15 	 1.536258e-11
1.852491e+15 	 1.417790e-11
1.868981e+15 	 1.307874e-11
1.885619e+15 	 1.205938e-11
1.902404e+15 	 1.111445e-11
1.919339e+15 	 1.023890e-11
1.936425e+15 	 9.428009e-12
1.953663e+15 	 8.677332e-12
1.971054e+15 	 7.982563e-12
1.988601e+15 	 7.340129e-12
2.006303e+15 	 6.746221e-12
2.024163e+15 	 6.197429e-12
2.042182e+15 	 5.690564e-12
2.060361e+15 	 5.222643e-12
2.078702e+15 	 4.790881e-12
2.097207e+15 	 4.392672e-12
2.115876e+15 	 4.025588e-12
2.134711e+15 	 3.687360e-12
2.153714e+15 	 3.375871e-12
2.172886e+15 	 3.089149e-12
2.192229e+15 	 2.825356e-12
2.211744e+15 	 2.582876e-12
2.231433e+15 	 2.359917e-12
2.251297e+15 	 2.155095e-12
2.271338e+15 	 1.967033e-12
2.291557e+15 	 1.794446e-12
2.311957e+15 	 1.636144e-12
2.332537e+15 	 1.491019e-12
2.353301e+15 	 1.358044e-12
2.374250e+15 	 1.236266e-12
2.395386e+15 	 1.124802e-12
2.416709e+15 	 1.022832e-12
2.438223e+15 	 9.295988e-13
2.459927e+15 	 8.443991e-13
2.481825e+15 	 7.665835e-13
2.503919e+15 	 6.955511e-13
2.526208e+15 	 6.307463e-13
2.548696e+15 	 5.716563e-13
2.571385e+15 	 5.178072e-13
2.594275e+15 	 4.687619e-13
2.617369e+15 	 4.241173e-13
2.640668e+15 	 3.835018e-13
2.664175e+15 	 3.465731e-13
2.687892e+15 	 3.130160e-13
2.711819e+15 	 2.825406e-13
2.735959e+15 	 2.548800e-13
2.760315e+15 	 2.297892e-13
2.784887e+15 	 2.070431e-13
2.809678e+15 	 1.864349e-13
2.834689e+15 	 1.677750e-13
2.859923e+15 	 1.508894e-13
2.885382e+15 	 1.356189e-13
2.911068e+15 	 1.218174e-13
2.936982e+15 	 1.093515e-13
2.963126e+15 	 9.809889e-14
2.989504e+15 	 8.794826e-14
3.016116e+15 	 7.879699e-14
3.042965e+15 	 7.055217e-14
3.070054e+15 	 6.312880e-14
3.097383e+15 	 5.644938e-14
3.124956e+15 	 5.044327e-14
3.152774e+15 	 4.504616e-14
3.180840e+15 	 4.019951e-14
3.209155e+15 	 3.585008e-14
3.237723e+15 	 3.194948e-14
3.266545e+15 	 2.845376e-14
3.295623e+15 	 2.532304e-14
3.324961e+15 	 2.252112e-14
3.354559e+15 	 2.001520e-14
3.384421e+15 	 1.777558e-14
3.414549e+15 	 1.577536e-14
3.444945e+15 	 1.399021e-14
3.475612e+15 	 1.239814e-14
3.506551e+15 	 1.097927e-14
3.537766e+15 	 9.735739e-15
3.569259e+15 	 8.592204e-15
3.601032e+15 	 7.592138e-15
3.633088e+15 	 6.703467e-15
3.665430e+15 	 5.914370e-15
3.698059e+15 	 5.214213e-15
3.730979e+15 	 4.593260e-15
3.764192e+15 	 4.043298e-15
3.797700e+15 	 3.556009e-15
3.831507e+15 	 3.125387e-15
3.865615e+15 	 2.744900e-15
3.900026e+15 	 2.408715e-15
3.934744e+15 	 2.112026e-15
3.969771e+15 	 1.850398e-15
4.005109e+15 	 1.619872e-15
4.040763e+15 	 1.416915e-15
4.076733e+15 	 1.238373e-15
4.113024e+15 	 1.081437e-15
4.149638e+15 	 9.436062e-16
4.186577e+15 	 8.226543e-16
4.223846e+15 	 7.166027e-16
4.261446e+15 	 6.236937e-16
4.299381e+15 	 5.423673e-16
4.337654e+15 	 4.712400e-16
4.376267e+15 	 4.090861e-16
4.415225e+15 	 3.548204e-16
4.454529e+15 	 3.074828e-16
4.494182e+15 	 2.662249e-16
4.534189e+15 	 2.302977e-16
4.574552e+15 	 1.990402e-16
4.615274e+15 	 1.718697e-16
4.656359e+15 	 1.482731e-16
4.697810e+15 	 1.277989e-16
4.739629e+15 	 1.100502e-16
4.781821e+15 	 9.467830e-17
4.824388e+15 	 8.137727e-17
4.867335e+15 	 6.987887e-17
4.910663e+15 	 5.994815e-17
4.954378e+15 	 5.137950e-17
4.998481e+15 	 4.399316e-17
5.042977e+15 	 3.763211e-17
5.087869e+15 	 3.215934e-17
5.133161e+15 	 2.745539e-17
5.178856e+15 	 2.341623e-17
5.224958e+15 	 1.995135e-17
5.271470e+15 	 1.698205e-17
5.318396e+15 	 1.444001e-17
5.365740e+15 	 1.226595e-17
5.413505e+15 	 1.040850e-17
5.461696e+15 	 8.823168e-18
5.510316e+15 	 7.471497e-18
5.559368e+15 	 6.320246e-18
5.608857e+15 	 5.340725e-18
5.658787e+15 	 4.508199e-18
5.709161e+15 	 3.801938e-18
5.759983e+15 	 3.201879e-18
5.811258e+15 	 2.693997e-18
5.862989e+15 	 2.263986e-18
5.915181e+15 	 1.900681e-18
5.967838e+15 	 1.593899e-18
6.020963e+15 	 1.335129e-18
6.074561e+15 	 1.117110e-18
6.128636e+15 	 9.336274e-19
6.183193e+15 	 7.793863e-19
6.238235e+15 	 6.499230e-19
6.293767e+15 	 5.412931e-19
6.349794e+15 	 4.502914e-19
6.406319e+15 	 3.741463e-19
6.463348e+15 	 3.105077e-19
6.520884e+15 	 2.573846e-19
6.578932e+15 	 2.130924e-19
6.637497e+15 	 1.762078e-19
6.696584e+15 	 1.455290e-19
6.756196e+15 	 1.200433e-19
6.816339e+15 	 9.889767e-20
6.877018e+15 	 8.137479e-20
6.938236e+15 	 6.687217e-20
7.000000e+15 	 5.488437e-20
