2.355320815089919154e-02 2.319402058639325522e-03 4.359964585420300479e-05 2.179402908038092731e-05 1.924269219700635357e-06 6.124223798857224755e-07
2.044407077271297168e-02 1.660307614140165778e-03 4.935642673524657202e-05 2.785213255562135642e-05 2.572799231072669947e-06 7.946550290322443377e-07
2.700326876230621856e-02 2.521905206510940359e-03 5.151521377147007984e-05 2.479838079157687848e-05 2.364644967199925129e-06 7.863806221752912560e-07
3.055828629822435194e-02 3.187640600976071256e-03 6.398691242837818022e-05 2.520285537443434223e-05 2.933418101048666343e-06 9.071846122154690374e-07
2.369215222974708698e-02 2.401974996575419706e-03 4.804680974160062867e-05 2.646948708944133516e-05 2.345671983786717379e-06 8.143295233547625217e-07
1.943060617192184786e-02 1.700545557550155271e-03 4.489317537424605516e-05 2.453945833896255439e-05 2.386679826439667524e-06 6.667661560193186641e-07
2.197302042679558434e-02 2.733818012942297680e-03 4.708920505300859244e-05 2.395306780599276692e-05 2.442707082850246157e-06 8.793741112858306352e-07
2.273034350569051384e-02 2.540144124666151790e-03 4.473411513877248777e-05 2.650824689158647428e-05 2.597179159684351151e-06 9.360965071185946244e-07
2.790264642533369852e-02 2.208614488771346116e-03 4.467949287428877632e-05 2.439681629600840994e-05 2.264764968866151626e-06 8.611508336058015201e-07
2.838933534716401100e-02 2.613504809966635430e-03 5.272822411369435268e-05 2.419273884139685465e-05 2.872687230129516089e-06 8.865278106048577389e-07
2.395487251385730945e-02 2.213070173601580301e-03 4.207361567143884736e-05 2.239063361874569832e-05 2.169005547634056053e-06 8.958696450900676309e-07
2.545191647869015847e-02 2.187794540112929058e-03 4.397690194682924266e-05 2.350785920210386729e-05 2.456203121013068107e-06 7.951244175189479409e-07
2.423134178207239295e-02 2.339979498368015103e-03 4.311153815494455841e-05 2.169806977341162178e-05 2.169353585531270937e-06 6.036477298322440196e-07
2.532894278292291065e-02 2.019198596963605111e-03 4.120731224934393521e-05 2.556831356017362790e-05 2.492942054630221068e-06 7.718531638908684958e-07
1.940726855342013099e-02 1.561877058220283773e-03 4.286282838354039005e-05 2.308346957074049535e-05 2.255229315282459397e-06 6.720848201210269078e-07
2.153482119988097895e-02 2.084487898915659675e-03 4.634475728757101229e-05 2.781868171789297919e-05 2.438018700570545153e-06 7.461691665000064169e-07
2.045737747108221372e-02 2.375262480422584907e-03 4.074382473834571144e-05 2.304697800592073106e-05 1.966456206958210570e-06 7.230338963708577399e-07
2.598774554438341641e-02 2.165625019078402068e-03 4.918729771519711501e-05 2.785247630374908020e-05 2.440738135833407722e-06 7.584557161170855771e-07
2.311764553326872348e-02 2.963006861349153261e-03 6.100248161895544045e-05 2.927951063848189953e-05 3.542058033752231385e-06 1.267423834581168774e-06
2.384167891166639325e-02 2.401672691003907401e-03 4.601651707619674152e-05 2.754281105453520331e-05 2.449929337026954758e-06 8.248069852910353926e-07
2.377129057022950298e-02 1.849664858924059910e-03 4.507483230913774384e-05 2.343265909735380766e-05 2.279206510425888409e-06 6.570591676213534373e-07
2.565889504662777210e-02 2.412564926378142453e-03 4.502579396985144995e-05 2.158542925268439993e-05 2.143856186035812993e-06 6.632627727491729229e-07
2.229428384703515884e-02 1.664309087752278852e-03 4.529608751719355997e-05 2.144028814752953348e-05 2.181832135381276011e-06 7.865141800620757514e-07
4.116102051449414129e-02 5.425881623214273176e-03 1.628391593538846248e-04 6.219177878870595652e-05 1.068489396456717209e-05 5.155870638315734551e-06
3.051606211674467647e-02 3.298694407715131206e-03 5.505656634780168012e-05 2.813490263960383763e-05 3.185503339485001932e-06 9.995914966435040522e-07
2.521295791631893157e-02 2.631259565359683056e-03 4.553052889022412333e-05 2.365201172830597208e-05 2.456404838076299748e-06 7.098220985691235281e-07
2.209932746187325339e-02 1.842863540942596846e-03 4.808141812235592792e-05 2.635424799424708825e-05 2.545698254479401435e-06 7.234458504618126499e-07
2.389633891410048588e-02 2.989915412761227215e-03 5.272495532147138998e-05 2.678630764075010131e-05 3.191369898338604302e-06 1.111343843701786240e-06
1.941831533471977470e-02 1.723040420362271802e-03 4.794254009469490883e-05 2.537585082386718431e-05 2.381836120482374629e-06 7.200514605462371427e-07
2.118143854001589693e-02 1.727757426725253344e-03 4.542668853816788922e-05 2.355208611457060419e-05 2.351414717436350685e-06 7.322952928117823287e-07
2.653716196178564773e-02 1.927061400610443134e-03 4.130729905581983103e-05 2.361955981962368054e-05 2.452099034724488757e-06 6.641267060713838280e-07
2.060909910670469594e-02 1.912559781127086715e-03 4.640553005524500352e-05 2.613400701698614798e-05 2.506336320655972040e-06 8.318258963167993684e-07
2.666054241786158102e-02 3.166450394802827490e-03 5.770442225324081770e-05 2.809137679688123549e-05 3.442518760700920128e-06 1.145147776758880044e-06
2.284680779204925974e-02 2.340624024781394301e-03 4.327028117116504959e-05 2.345998971112810898e-05 2.182129026545666122e-06 6.283806879135838196e-07
2.225762868255392116e-02 1.826863758206150826e-03 4.112729800167065690e-05 2.383828107922549857e-05 2.107763863805377408e-06 7.071350685158131216e-07
2.430080293709186920e-02 2.696975288203977937e-03 4.825891091595334195e-05 2.312430012808510508e-05 2.499048619359114859e-06 8.386668399045378022e-07
2.087885734694847062e-02 1.797611447052833294e-03 4.660473265537955114e-05 2.391073956154643311e-05 2.379400923900843784e-06 7.352434936636931718e-07
2.561845997242471681e-02 2.909082509462878035e-03 4.904604690839352863e-05 2.271114530454024368e-05 2.556777813152608348e-06 7.453456061387243391e-07
2.419433614051537743e-02 2.712851992585941455e-03 5.193366229905954748e-05 2.437487409081445607e-05 2.869795414315715989e-06 9.279614487502251986e-07
