5.997741835800360910e-01 2.587564486375161010e+00 -4.018246418751622029e-01 8.375829201880029273e-02 7.846412793954525844e-01 -1.649662947109063194e-01
7.842182540432851567e-01 2.650131431274427740e+00 -4.155729142251651798e-01 8.457731030830122065e-02 7.923825507687666247e-01 -1.639526165824216342e-01
5.955916996184887902e-01 2.568302183368698532e+00 -4.105484908679101763e-01 6.320721915017078751e-02 7.732127387996683421e-01 -1.589096202522647105e-01
5.334292180986749399e-01 2.806433925354907988e+00 -4.211594910079894394e-01 5.659939011870874365e-02 7.709830171611663507e-01 -1.449668242794601714e-01
1.182366924811567799e+00 2.607206595591863962e+00 -3.992029004490874056e-01 7.228062860201153739e-02 7.779694858470844743e-01 -1.678558601044505549e-01
7.270127626374200958e-01 2.605782852174205022e+00 -4.058666938495024690e-01 1.046403893876109575e-01 7.831086770956828813e-01 -1.590549119871529915e-01
6.290920299131554927e-01 2.484633164647056969e+00 -3.888273944788650516e-01 7.886227636095886895e-02 7.808128227043883429e-01 -1.671174265461782271e-01
2.837158059718252745e-01 2.227770753811209037e+00 -4.097730715441615934e-01 6.519948143536222207e-02 7.864066646123440973e-01 -1.519931919814197507e-01
7.152515597899062882e-01 2.600768322389412468e+00 -4.110392977053275998e-01 8.444890863295478889e-02 7.830466836207072845e-01 -1.530673945602420427e-01
6.903738919543161989e-02 2.498474484151949504e+00 -4.102638255633682118e-01 5.743276622342487897e-02 7.742908768977156964e-01 -1.416944636288074988e-01
7.088375660178100057e-01 2.388216166075981306e+00 -4.047959290540855681e-01 7.714500174157445933e-02 7.847061922205134099e-01 -1.436197944786055669e-01
1.238356638279388688e+00 2.652557417934034323e+00 -3.991281384032172586e-01 6.856694113109863820e-02 7.823043625863832506e-01 -1.694274811455811769e-01
7.825067571565620383e-01 2.518480421957558057e+00 -3.930585589739405972e-01 7.797921350947392694e-02 7.774624843866903001e-01 -1.609295745805703337e-01
8.727196724455731358e-01 2.573357771262979821e+00 -3.943120137678544079e-01 8.351451297763924642e-02 7.849074938596614093e-01 -1.615192309842243268e-01
8.358158343195442042e-01 2.579381153971166629e+00 -3.934430891998161317e-01 1.058803991703610725e-01 7.938604272023794817e-01 -1.703408020148092783e-01
5.948410951543086078e-01 2.374239504709453996e+00 -4.107630124892350243e-01 8.338831777144768698e-02 7.784758116778960346e-01 -1.488746082082572364e-01
5.455045815043696456e-01 2.341153151317901138e+00 -4.034466690464117433e-01 7.592032567832283918e-02 7.841687038558842193e-01 -1.473730925081625509e-01
8.179749348485709781e-01 2.613283561082822004e+00 -4.060774395415395199e-01 8.731498208234388103e-02 7.850333593005701660e-01 -1.544026372394435020e-01
2.074995062747418961e-01 2.251830220735642651e+00 -4.147903703522104468e-01 4.911893332191728107e-02 7.787971615131030756e-01 -1.370944258853875330e-01
7.442601303349374309e-01 2.403087191320269156e+00 -4.122580468335159121e-01 6.501285948531625170e-02 7.819437423033407386e-01 -1.491416507436740257e-01
8.095632190810639894e-01 2.646858847789543390e+00 -4.135257285493309509e-01 8.255543455802441533e-02 7.825815630470983608e-01 -1.572489936327549631e-01
4.359324009212471318e-01 2.695040437894761887e+00 -4.123356999913362353e-01 5.872379266771686479e-02 7.835556904234748377e-01 -1.497153358296658965e-01
1.042594561306302792e+00 2.754164230172897021e+00 -3.997841156783127903e-01 9.485543589887961147e-02 7.859303020599922585e-01 -1.700031648526367511e-01
-5.214817337586029611e-01 2.404994254613442628e+00 -4.096444637651858178e-01 3.958647966169920318e-02 7.638799847952491007e-01 -1.491275682442942119e-01
3.897126097517333854e-01 2.522910730891574804e+00 -4.292948796648392018e-01 5.525131419195666860e-02 7.754451583505440615e-01 -1.416161185125742739e-01
1.030845653565001241e+00 2.557352401453735435e+00 -3.954727195123328709e-01 7.652138350250065058e-02 7.788836135523919957e-01 -1.550985212954198167e-01
8.958646139224947236e-01 2.464624925296733604e+00 -3.796666925089387523e-01 8.778621391252193484e-02 7.835803752504773012e-01 -1.634436684230600734e-01
2.133416593677286144e-01 2.306239902782290851e+00 -4.051850400080291292e-01 4.836354075960778987e-02 7.732058432077228982e-01 -1.401690863184938407e-01
7.648151041098841807e-01 2.450548175883054736e+00 -4.101011167565656312e-01 9.791222487712547551e-02 7.942538259566301884e-01 -1.551470211932832743e-01
8.030780240404522541e-01 2.555549054864838521e+00 -3.993816843545353601e-01 8.792733013271528120e-02 7.817371384945871471e-01 -1.560422053436048562e-01
6.712014944899057367e-01 2.499484876990289539e+00 -4.167346796092611938e-01 8.220015450223709663e-02 7.881327305000763728e-01 -1.476685958695249379e-01
8.989409311546070480e-01 2.404197036334554838e+00 -4.050669476958229653e-01 1.064074409145570610e-01 7.899326623996717478e-01 -1.561522882658241129e-01
2.803927226046117327e-01 2.366259891896335787e+00 -4.253161371314937989e-01 4.975181813750464282e-02 7.758834656633587512e-01 -1.408558805297132899e-01
6.489300276643031884e-01 2.499281413813349673e+00 -4.087902683658612979e-01 6.730307423971883252e-02 7.850840978439569406e-01 -1.566898456698688213e-01
1.109119632608504880e+00 2.637943423384890629e+00 -4.081149406958270442e-01 9.390602459298097449e-02 7.882045060537444803e-01 -1.616748550297889553e-01
7.481529118548060353e-01 2.527879605146658104e+00 -4.044216180039771902e-01 6.447086946517587014e-02 7.750253627564391845e-01 -1.652565933668903586e-01
7.620752275257042241e-01 2.473535703215516524e+00 -4.014396648157667058e-01 9.000671531748728749e-02 7.923667717008423539e-01 -1.622877391454676521e-01
4.875943219509284998e-01 2.580382129865859575e+00 -4.082264028042573711e-01 5.394969098777623734e-02 7.769505116068783357e-01 -1.503708678402706223e-01
4.125216833635101388e-01 2.365383049959910444e+00 -4.092660292812485001e-01 5.263920323951174624e-02 7.806165807328562245e-01 -1.429373313639504539e-01
