# k_h
1.053455162036698312e-05
1.163246179203270003e-05
1.284479640162317082e-05
1.418348074366804212e-05
1.566168248245958239e-05
1.729394352878443897e-05
1.909631646412890404e-05
2.108653461618814617e-05
2.328417212993372232e-05
2.571084769442677498e-05
2.839043008862063289e-05
3.134928192594088614e-05
3.461649976088665426e-05
3.822423241217620671e-05
4.220795744913630188e-05
4.660687045543454587e-05
5.146423791302368045e-05
5.682783739757724106e-05
6.275043415371328592e-05
6.929028313606977463e-05
7.651170744793489575e-05
8.448575681541115046e-05
9.329085878562182188e-05
1.030136263580061495e-04
1.137497019954025745e-04
1.256046962225809693e-04
1.386952062603086233e-04
1.531500165583565831e-04
1.691113138804212213e-04
1.867360842879861593e-04
2.061977138509973884e-04
2.276876330142840743e-04
2.514172228984534740e-04
2.776199253275990486e-04
3.065534401684999466e-04
3.385024319868534803e-04
3.737811348401010036e-04
4.127366119064390659e-04
4.557519860100001097e-04
5.032504559494554996e-04
5.556991673074662685e-04
6.136141601018607616e-04
6.775649962946772575e-04
7.481807842850685120e-04
8.261561160907149315e-04
9.122581104747951031e-04
1.007333630695939064e-03
1.112317899242043495e-03
1.228243578225374222e-03
1.356251072138547897e-03
1.497599529102444649e-03
1.653679297305643559e-03
1.826025662012398243e-03
2.016334095969796181e-03
2.226476324722170830e-03
2.458519535139203072e-03
2.714746398851275444e-03
2.997677074745297432e-03
3.310094820335507393e-03
3.655072767287492752e-03
4.036004189401865005e-03
4.456636495888233185e-03
4.921107087284326553e-03
5.433984566479921341e-03
6.000314373522996902e-03
6.625666748732328415e-03
7.316193543374538422e-03
8.078686892986297607e-03
8.920647203922271729e-03
9.850356727838516235e-03
1.087696012109518051e-02
1.201055664569139481e-02
1.326229609549045563e-02
1.464449241757392883e-02
1.617074012756347656e-02
1.785605400800704956e-02
1.971701160073280334e-02
2.177191898226737976e-02
2.404098771512508392e-02
2.654653787612915039e-02
2.931321598589420319e-02
3.236823901534080505e-02
3.574165701866149902e-02
3.946664929389953613e-02
4.357986152172088623e-02
4.793784767389297485e-02
5.229583382606506348e-02
5.665381997823715210e-02
6.101180613040924072e-02
6.536979228258132935e-02
6.972777843475341797e-02
7.408576458692550659e-02
7.844375073909759521e-02
8.280173689126968384e-02
8.715972304344177246e-02
9.151770919561386108e-02
9.801337867975234985e-02
1.045090481638908386e-01
1.110047176480293274e-01
1.175003945827484131e-01
1.239960640668869019e-01
1.304917335510253906e-01
1.369874030351638794e-01
1.434830725193023682e-01
1.499787420034408569e-01
1.564744114875793457e-01
1.629700809717178345e-01
1.694657504558563232e-01
1.759614199399948120e-01
1.824570894241333008e-01
1.889527589082717896e-01
1.954484283924102783e-01
2.019440978765487671e-01
2.084397673606872559e-01
2.149354368448257446e-01
2.214311063289642334e-01
2.279267758131027222e-01
2.344224452972412109e-01
2.409181147813796997e-01
2.474137842655181885e-01
2.539094388484954834e-01
2.604051232337951660e-01
2.669007778167724609e-01
2.733964622020721436e-01
2.798921465873718262e-01
2.863878011703491211e-01
2.928834855556488037e-01
2.993791401386260986e-01
3.058748245239257812e-01
3.123704791069030762e-01
3.188661634922027588e-01
3.253618180751800537e-01
3.318575024604797363e-01
3.383531570434570312e-01
3.448488414287567139e-01
3.513444960117340088e-01
3.578401803970336914e-01
3.643358349800109863e-01
3.708315193653106689e-01
3.773271739482879639e-01
3.838228583335876465e-01
3.903185129165649414e-01
3.968141973018646240e-01
4.033098518848419189e-01
4.098055362701416016e-01
4.163011908531188965e-01
4.227968752384185791e-01
4.292925298213958740e-01
4.357882142066955566e-01
4.422838687896728516e-01
4.487795531749725342e-01
4.552752077579498291e-01
4.617708921432495117e-01
4.682665467262268066e-01
4.747622311115264893e-01
4.812578856945037842e-01
4.877535700798034668e-01
4.942492246627807617e-01
5.007448792457580566e-01
5.072405934333801270e-01
5.137362480163574219e-01
5.202319025993347168e-01
5.267275571823120117e-01
6.228135824203491211e-01
8.692064285278320312e-01
1.213075280189514160e+00
1.692982912063598633e+00
2.362747907638549805e+00
3.297480344772338867e+00
4.602004528045654297e+00
6.422615051269531250e+00
8.963480949401855469e+00
1.250954532623291016e+01
1.745847702026367188e+01
2.436526870727539062e+01
3.400447082519531250e+01
4.745706176757812500e+01
6.623166656494140625e+01
9.243373870849609375e+01
